"dip","noisef","nrange","a","dfend","Lhistory","LStablehistory","nrdatamonitor","Tsim","Tmon","Dsim","Dmon","sn"
-0.5,0,0.1,0.1,12,146,146,1,147,147,2006.47826086957,2006.47826086957,0.965755472983114
-0.5,0,0.1,0.1,12,146,146,2,147,147,2006.47826086957,2006.47826086957,0.965755472983114
-0.5,0,0.1,0.1,12,146,146,3,147,147,2006.47826086957,2006.47826086957,0.965755472983114
-0.5,0,0.1,0.1,12,146,146,4,147,147,2006.47826086957,2006.47826086957,0.965755472983114
-0.5,0,0.1,0.1,12,146,146,5,147,147,2006.47826086957,2006.47826086957,0.965755472983114
-0.5,0,0.1,0.1,12,146,146,6,147,147,2006.47826086957,2006.47826086957,0.965755472983114
-0.4,0,0.1,0.1,12,146,146,1,147,147,2006.47826086957,2006.47826086957,0.682238563142491
-0.4,0,0.1,0.1,12,146,146,2,147,147,2006.47826086957,2006.47826086957,0.682238563142491
-0.4,0,0.1,0.1,12,146,146,3,147,147,2006.47826086957,2006.47826086957,0.682238563142491
-0.4,0,0.1,0.1,12,146,146,4,147,147,2006.47826086957,2006.47826086957,0.682238563142491
-0.4,0,0.1,0.1,12,146,146,5,147,147,2006.47826086957,2006.47826086957,0.682238563142491
-0.4,0,0.1,0.1,12,146,146,6,147,147,2006.47826086957,2006.47826086957,0.682238563142491
-0.3,0,0.1,0.1,12,146,23,1,147,NA,2006.47826086957,NA,0.885423888518652
-0.3,0,0.1,0.1,12,146,23,2,147,25,2006.47826086957,2006.52173913043,0.885423888518652
-0.3,0,0.1,0.1,12,146,23,3,147,25,2006.47826086957,2006.52173913043,0.885423888518652
-0.3,0,0.1,0.1,12,146,23,4,147,25,2006.47826086957,2006.52173913043,0.885423888518652
-0.3,0,0.1,0.1,12,146,23,5,147,25,2006.47826086957,2006.52173913043,0.885423888518652
-0.3,0,0.1,0.1,12,146,23,6,147,25,2006.47826086957,2006.52173913043,0.885423888518652
-0.2,0,0.1,0.1,12,146,146,1,147,NA,2006.47826086957,NA,1.00925319556835
-0.2,0,0.1,0.1,12,146,146,2,147,NA,2006.47826086957,NA,1.00925319556835
-0.2,0,0.1,0.1,12,146,146,3,147,149,2006.47826086957,2006.56521739130,1.00925319556835
-0.2,0,0.1,0.1,12,146,146,4,147,149,2006.47826086957,2006.56521739130,1.00925319556835
-0.2,0,0.1,0.1,12,146,146,5,147,149,2006.47826086957,2006.56521739130,1.00925319556835
-0.2,0,0.1,0.1,12,146,146,6,147,149,2006.47826086957,2006.56521739130,1.00925319556835
-0.1,0,0.1,0.1,12,146,146,1,147,NA,2006.47826086957,NA,0.99999444048669
-0.1,0,0.1,0.1,12,146,146,2,147,NA,2006.47826086957,NA,0.99999444048669
-0.1,0,0.1,0.1,12,146,146,3,147,NA,2006.47826086957,NA,0.99999444048669
-0.1,0,0.1,0.1,12,146,146,4,147,NA,2006.47826086957,NA,0.99999444048669
-0.1,0,0.1,0.1,12,146,146,5,147,151,2006.47826086957,2006.65217391304,0.99999444048669
-0.1,0,0.1,0.1,12,146,146,6,147,151,2006.47826086957,2006.65217391304,0.99999444048669
0,0,0.1,0.1,12,146,22,1,147,NA,2006.47826086957,NA,1.03204295521722
0,0,0.1,0.1,12,146,22,2,147,NA,2006.47826086957,NA,1.03204295521722
0,0,0.1,0.1,12,146,22,3,147,25,2006.47826086957,2006.56521739130,1.03204295521722
0,0,0.1,0.1,12,146,22,4,147,25,2006.47826086957,2006.56521739130,1.03204295521722
0,0,0.1,0.1,12,146,22,5,147,25,2006.47826086957,2006.56521739130,1.03204295521722
0,0,0.1,0.1,12,146,22,6,147,25,2006.47826086957,2006.56521739130,1.03204295521722
-0.5,0.5,0.1171,0.1,12,146,146,1,147,147,2006.47826086957,2006.47826086957,0.933736992254751
-0.5,0.5,0.1171,0.1,12,146,146,2,147,147,2006.47826086957,2006.47826086957,0.933736992254751
-0.5,0.5,0.1171,0.1,12,146,146,3,147,147,2006.47826086957,2006.47826086957,0.933736992254751
-0.5,0.5,0.1171,0.1,12,146,146,4,147,147,2006.47826086957,2006.47826086957,0.933736992254751
-0.5,0.5,0.1171,0.1,12,146,146,5,147,147,2006.47826086957,2006.47826086957,0.933736992254751
-0.5,0.5,0.1171,0.1,12,146,146,6,147,147,2006.47826086957,2006.47826086957,0.933736992254751
-0.4,0.5,0.1158,0.1,12,146,146,1,147,147,2006.47826086957,2006.47826086957,0.847045706187747
-0.4,0.5,0.1158,0.1,12,146,146,2,147,147,2006.47826086957,2006.47826086957,0.847045706187747
-0.4,0.5,0.1158,0.1,12,146,146,3,147,147,2006.47826086957,2006.47826086957,0.847045706187747
-0.4,0.5,0.1158,0.1,12,146,146,4,147,147,2006.47826086957,2006.47826086957,0.847045706187747
-0.4,0.5,0.1158,0.1,12,146,146,5,147,147,2006.47826086957,2006.47826086957,0.847045706187747
-0.4,0.5,0.1158,0.1,12,146,146,6,147,147,2006.47826086957,2006.47826086957,0.847045706187747
-0.3,0.5,0.1124,0.1,12,146,146,1,147,147,2006.47826086957,2006.47826086957,0.898674696910442
-0.3,0.5,0.1124,0.1,12,146,146,2,147,147,2006.47826086957,2006.47826086957,0.898674696910442
-0.3,0.5,0.1124,0.1,12,146,146,3,147,147,2006.47826086957,2006.47826086957,0.898674696910442
-0.3,0.5,0.1124,0.1,12,146,146,4,147,147,2006.47826086957,2006.47826086957,0.898674696910442
-0.3,0.5,0.1124,0.1,12,146,146,5,147,147,2006.47826086957,2006.47826086957,0.898674696910442
-0.3,0.5,0.1124,0.1,12,146,146,6,147,147,2006.47826086957,2006.47826086957,0.898674696910442
-0.2,0.5,0.1133,0.1,12,146,146,1,147,NA,2006.47826086957,NA,0.980321613981384
-0.2,0.5,0.1133,0.1,12,146,146,2,147,NA,2006.47826086957,NA,0.980321613981384
-0.2,0.5,0.1133,0.1,12,146,146,3,147,149,2006.47826086957,2006.56521739130,0.980321613981384
-0.2,0.5,0.1133,0.1,12,146,146,4,147,149,2006.47826086957,2006.56521739130,0.980321613981384
-0.2,0.5,0.1133,0.1,12,146,146,5,147,149,2006.47826086957,2006.56521739130,0.980321613981384
-0.2,0.5,0.1133,0.1,12,146,146,6,147,149,2006.47826086957,2006.56521739130,0.980321613981384
-0.1,0.5,0.1158,0.1,12,146,146,1,147,NA,2006.47826086957,NA,0.940799321004366
-0.1,0.5,0.1158,0.1,12,146,146,2,147,NA,2006.47826086957,NA,0.940799321004366
-0.1,0.5,0.1158,0.1,12,146,146,3,147,NA,2006.47826086957,NA,0.940799321004366
-0.1,0.5,0.1158,0.1,12,146,146,4,147,150,2006.47826086957,2006.60869565217,0.940799321004366
-0.1,0.5,0.1158,0.1,12,146,146,5,147,150,2006.47826086957,2006.60869565217,0.940799321004366
-0.1,0.5,0.1158,0.1,12,146,146,6,147,150,2006.47826086957,2006.60869565217,0.940799321004366
0,0.5,0.1179,0.1,12,146,146,1,147,NA,2006.47826086957,NA,0.892793143074649
0,0.5,0.1179,0.1,12,146,146,2,147,NA,2006.47826086957,NA,0.892793143074649
0,0.5,0.1179,0.1,12,146,146,3,147,NA,2006.47826086957,NA,0.892793143074649
0,0.5,0.1179,0.1,12,146,146,4,147,NA,2006.47826086957,NA,0.892793143074649
0,0.5,0.1179,0.1,12,146,146,5,147,NA,2006.47826086957,NA,0.892793143074649
0,0.5,0.1179,0.1,12,146,146,6,147,NA,2006.47826086957,NA,0.892793143074649
-0.5,1,0.123,0.1,12,146,146,1,147,147,2006.47826086957,2006.47826086957,0.856857600759915
-0.5,1,0.123,0.1,12,146,146,2,147,147,2006.47826086957,2006.47826086957,0.856857600759915
-0.5,1,0.123,0.1,12,146,146,3,147,147,2006.47826086957,2006.47826086957,0.856857600759915
-0.5,1,0.123,0.1,12,146,146,4,147,147,2006.47826086957,2006.47826086957,0.856857600759915
-0.5,1,0.123,0.1,12,146,146,5,147,147,2006.47826086957,2006.47826086957,0.856857600759915
-0.5,1,0.123,0.1,12,146,146,6,147,147,2006.47826086957,2006.47826086957,0.856857600759915
-0.4,1,0.1298,0.1,12,146,146,1,147,NA,2006.47826086957,NA,0.900083749758755
-0.4,1,0.1298,0.1,12,146,146,2,147,148,2006.47826086957,2006.52173913043,0.900083749758755
-0.4,1,0.1298,0.1,12,146,146,3,147,148,2006.47826086957,2006.52173913043,0.900083749758755
-0.4,1,0.1298,0.1,12,146,146,4,147,148,2006.47826086957,2006.52173913043,0.900083749758755
-0.4,1,0.1298,0.1,12,146,146,5,147,148,2006.47826086957,2006.52173913043,0.900083749758755
-0.4,1,0.1298,0.1,12,146,146,6,147,148,2006.47826086957,2006.52173913043,0.900083749758755
-0.3,1,0.1268,0.1,12,146,146,1,147,NA,2006.47826086957,NA,0.732050877087347
-0.3,1,0.1268,0.1,12,146,146,2,147,148,2006.47826086957,2006.52173913043,0.732050877087347
-0.3,1,0.1268,0.1,12,146,146,3,147,148,2006.47826086957,2006.52173913043,0.732050877087347
-0.3,1,0.1268,0.1,12,146,146,4,147,148,2006.47826086957,2006.52173913043,0.732050877087347
-0.3,1,0.1268,0.1,12,146,146,5,147,148,2006.47826086957,2006.52173913043,0.732050877087347
-0.3,1,0.1268,0.1,12,146,146,6,147,148,2006.47826086957,2006.52173913043,0.732050877087347
-0.2,1,0.1304,0.1,12,146,146,1,147,NA,2006.47826086957,NA,0.812380401595262
-0.2,1,0.1304,0.1,12,146,146,2,147,NA,2006.47826086957,NA,0.812380401595262
-0.2,1,0.1304,0.1,12,146,146,3,147,149,2006.47826086957,2006.56521739130,0.812380401595262
-0.2,1,0.1304,0.1,12,146,146,4,147,149,2006.47826086957,2006.56521739130,0.812380401595262
-0.2,1,0.1304,0.1,12,146,146,5,147,149,2006.47826086957,2006.56521739130,0.812380401595262
-0.2,1,0.1304,0.1,12,146,146,6,147,149,2006.47826086957,2006.56521739130,0.812380401595262
-0.1,1,0.1274,0.1,12,146,146,1,147,NA,2006.47826086957,NA,0.79523859444485
-0.1,1,0.1274,0.1,12,146,146,2,147,NA,2006.47826086957,NA,0.79523859444485
-0.1,1,0.1274,0.1,12,146,146,3,147,NA,2006.47826086957,NA,0.79523859444485
-0.1,1,0.1274,0.1,12,146,146,4,147,NA,2006.47826086957,NA,0.79523859444485
-0.1,1,0.1274,0.1,12,146,146,5,147,151,2006.47826086957,2006.65217391304,0.79523859444485
-0.1,1,0.1274,0.1,12,146,146,6,147,151,2006.47826086957,2006.65217391304,0.79523859444485
0,1,0.1203,0.1,12,146,146,1,147,NA,2006.47826086957,NA,0.801959701598876
0,1,0.1203,0.1,12,146,146,2,147,NA,2006.47826086957,NA,0.801959701598876
0,1,0.1203,0.1,12,146,146,3,147,NA,2006.47826086957,NA,0.801959701598876
0,1,0.1203,0.1,12,146,146,4,147,NA,2006.47826086957,NA,0.801959701598876
0,1,0.1203,0.1,12,146,146,5,147,NA,2006.47826086957,NA,0.801959701598876
0,1,0.1203,0.1,12,146,146,6,147,NA,2006.47826086957,NA,0.801959701598876
-0.5,1.5,0.1391,0.1,12,146,146,1,147,NA,2006.47826086957,NA,0.861222381194055
-0.5,1.5,0.1391,0.1,12,146,146,2,147,148,2006.47826086957,2006.52173913043,0.861222381194055
-0.5,1.5,0.1391,0.1,12,146,146,3,147,148,2006.47826086957,2006.52173913043,0.861222381194055
-0.5,1.5,0.1391,0.1,12,146,146,4,147,148,2006.47826086957,2006.52173913043,0.861222381194055
-0.5,1.5,0.1391,0.1,12,146,146,5,147,148,2006.47826086957,2006.52173913043,0.861222381194055
-0.5,1.5,0.1391,0.1,12,146,146,6,147,148,2006.47826086957,2006.52173913043,0.861222381194055
-0.4,1.5,0.1341,0.1,12,146,146,1,147,NA,2006.47826086957,NA,0.750785028263665
-0.4,1.5,0.1341,0.1,12,146,146,2,147,148,2006.47826086957,2006.52173913043,0.750785028263665
-0.4,1.5,0.1341,0.1,12,146,146,3,147,148,2006.47826086957,2006.52173913043,0.750785028263665
-0.4,1.5,0.1341,0.1,12,146,146,4,147,148,2006.47826086957,2006.52173913043,0.750785028263665
-0.4,1.5,0.1341,0.1,12,146,146,5,147,148,2006.47826086957,2006.52173913043,0.750785028263665
-0.4,1.5,0.1341,0.1,12,146,146,6,147,148,2006.47826086957,2006.52173913043,0.750785028263665
-0.3,1.5,0.1361,0.1,12,146,146,1,147,NA,2006.47826086957,NA,0.804893785645253
-0.3,1.5,0.1361,0.1,12,146,146,2,147,148,2006.47826086957,2006.52173913043,0.804893785645253
-0.3,1.5,0.1361,0.1,12,146,146,3,147,148,2006.47826086957,2006.52173913043,0.804893785645253
-0.3,1.5,0.1361,0.1,12,146,146,4,147,148,2006.47826086957,2006.52173913043,0.804893785645253
-0.3,1.5,0.1361,0.1,12,146,146,5,147,148,2006.47826086957,2006.52173913043,0.804893785645253
-0.3,1.5,0.1361,0.1,12,146,146,6,147,148,2006.47826086957,2006.52173913043,0.804893785645253
-0.2,1.5,0.1365,0.1,12,146,146,1,147,NA,2006.47826086957,NA,0.78200180720577
-0.2,1.5,0.1365,0.1,12,146,146,2,147,NA,2006.47826086957,NA,0.78200180720577
-0.2,1.5,0.1365,0.1,12,146,146,3,147,149,2006.47826086957,2006.56521739130,0.78200180720577
-0.2,1.5,0.1365,0.1,12,146,146,4,147,149,2006.47826086957,2006.56521739130,0.78200180720577
-0.2,1.5,0.1365,0.1,12,146,146,5,147,149,2006.47826086957,2006.56521739130,0.78200180720577
-0.2,1.5,0.1365,0.1,12,146,146,6,147,149,2006.47826086957,2006.56521739130,0.78200180720577
-0.1,1.5,0.1293,0.1,12,146,146,1,147,NA,2006.47826086957,NA,0.849793104437543
-0.1,1.5,0.1293,0.1,12,146,146,2,147,NA,2006.47826086957,NA,0.849793104437543
-0.1,1.5,0.1293,0.1,12,146,146,3,147,NA,2006.47826086957,NA,0.849793104437543
-0.1,1.5,0.1293,0.1,12,146,146,4,147,NA,2006.47826086957,NA,0.849793104437543
-0.1,1.5,0.1293,0.1,12,146,146,5,147,151,2006.47826086957,2006.65217391304,0.849793104437543
-0.1,1.5,0.1293,0.1,12,146,146,6,147,151,2006.47826086957,2006.65217391304,0.849793104437543
0,1.5,0.1356,0.1,12,146,146,1,147,NA,2006.47826086957,NA,0.805643928057649
0,1.5,0.1356,0.1,12,146,146,2,147,NA,2006.47826086957,NA,0.805643928057649
0,1.5,0.1356,0.1,12,146,146,3,147,NA,2006.47826086957,NA,0.805643928057649
0,1.5,0.1356,0.1,12,146,146,4,147,NA,2006.47826086957,NA,0.805643928057649
0,1.5,0.1356,0.1,12,146,146,5,147,NA,2006.47826086957,NA,0.805643928057649
0,1.5,0.1356,0.1,12,146,146,6,147,NA,2006.47826086957,NA,0.805643928057649
-0.5,2,0.1581,0.1,12,146,146,1,147,NA,2006.47826086957,NA,0.810259471877311
-0.5,2,0.1581,0.1,12,146,146,2,147,148,2006.47826086957,2006.52173913043,0.810259471877311
-0.5,2,0.1581,0.1,12,146,146,3,147,148,2006.47826086957,2006.52173913043,0.810259471877311
-0.5,2,0.1581,0.1,12,146,146,4,147,148,2006.47826086957,2006.52173913043,0.810259471877311
-0.5,2,0.1581,0.1,12,146,146,5,147,148,2006.47826086957,2006.52173913043,0.810259471877311
-0.5,2,0.1581,0.1,12,146,146,6,147,148,2006.47826086957,2006.52173913043,0.810259471877311
-0.4,2,0.1554,0.1,12,146,146,1,147,NA,2006.47826086957,NA,0.877877438810933
-0.4,2,0.1554,0.1,12,146,146,2,147,148,2006.47826086957,2006.52173913043,0.877877438810933
-0.4,2,0.1554,0.1,12,146,146,3,147,148,2006.47826086957,2006.52173913043,0.877877438810933
-0.4,2,0.1554,0.1,12,146,146,4,147,148,2006.47826086957,2006.52173913043,0.877877438810933
-0.4,2,0.1554,0.1,12,146,146,5,147,148,2006.47826086957,2006.52173913043,0.877877438810933
-0.4,2,0.1554,0.1,12,146,146,6,147,148,2006.47826086957,2006.52173913043,0.877877438810933
-0.3,2,0.1687,0.1,12,146,146,1,147,NA,2006.47826086957,NA,0.759925247948494
-0.3,2,0.1687,0.1,12,146,146,2,147,148,2006.47826086957,2006.52173913043,0.759925247948494
-0.3,2,0.1687,0.1,12,146,146,3,147,148,2006.47826086957,2006.52173913043,0.759925247948494
-0.3,2,0.1687,0.1,12,146,146,4,147,148,2006.47826086957,2006.52173913043,0.759925247948494
-0.3,2,0.1687,0.1,12,146,146,5,147,148,2006.47826086957,2006.52173913043,0.759925247948494
-0.3,2,0.1687,0.1,12,146,146,6,147,148,2006.47826086957,2006.52173913043,0.759925247948494
-0.2,2,0.1576,0.1,12,146,146,1,147,NA,2006.47826086957,NA,0.776636708751885
-0.2,2,0.1576,0.1,12,146,146,2,147,NA,2006.47826086957,NA,0.776636708751885
-0.2,2,0.1576,0.1,12,146,146,3,147,NA,2006.47826086957,NA,0.776636708751885
-0.2,2,0.1576,0.1,12,146,146,4,147,150,2006.47826086957,2006.60869565217,0.776636708751885
-0.2,2,0.1576,0.1,12,146,146,5,147,150,2006.47826086957,2006.60869565217,0.776636708751885
-0.2,2,0.1576,0.1,12,146,146,6,147,150,2006.47826086957,2006.60869565217,0.776636708751885
-0.1,2,0.1529,0.1,12,146,146,1,147,NA,2006.47826086957,NA,0.911712467521272
-0.1,2,0.1529,0.1,12,146,146,2,147,NA,2006.47826086957,NA,0.911712467521272
-0.1,2,0.1529,0.1,12,146,146,3,147,NA,2006.47826086957,NA,0.911712467521272
-0.1,2,0.1529,0.1,12,146,146,4,147,NA,2006.47826086957,NA,0.911712467521272
-0.1,2,0.1529,0.1,12,146,146,5,147,NA,2006.47826086957,NA,0.911712467521272
-0.1,2,0.1529,0.1,12,146,146,6,147,NA,2006.47826086957,NA,0.911712467521272
0,2,0.1592,0.1,12,146,146,1,147,NA,2006.47826086957,NA,0.717950899073033
0,2,0.1592,0.1,12,146,146,2,147,NA,2006.47826086957,NA,0.717950899073033
0,2,0.1592,0.1,12,146,146,3,147,NA,2006.47826086957,NA,0.717950899073033
0,2,0.1592,0.1,12,146,146,4,147,NA,2006.47826086957,NA,0.717950899073033
0,2,0.1592,0.1,12,146,146,5,147,NA,2006.47826086957,NA,0.717950899073033
0,2,0.1592,0.1,12,146,146,6,147,NA,2006.47826086957,NA,0.717950899073033
-0.5,2.5,0.1508,0.1,12,146,146,1,147,NA,2006.47826086957,NA,0.828897578896945
-0.5,2.5,0.1508,0.1,12,146,146,2,147,148,2006.47826086957,2006.52173913043,0.828897578896945
-0.5,2.5,0.1508,0.1,12,146,146,3,147,148,2006.47826086957,2006.52173913043,0.828897578896945
-0.5,2.5,0.1508,0.1,12,146,146,4,147,148,2006.47826086957,2006.52173913043,0.828897578896945
-0.5,2.5,0.1508,0.1,12,146,146,5,147,148,2006.47826086957,2006.52173913043,0.828897578896945
-0.5,2.5,0.1508,0.1,12,146,146,6,147,148,2006.47826086957,2006.52173913043,0.828897578896945
-0.4,2.5,0.1641,0.1,12,146,146,1,147,NA,2006.47826086957,NA,0.637447864518685
-0.4,2.5,0.1641,0.1,12,146,146,2,147,148,2006.47826086957,2006.52173913043,0.637447864518685
-0.4,2.5,0.1641,0.1,12,146,146,3,147,148,2006.47826086957,2006.52173913043,0.637447864518685
-0.4,2.5,0.1641,0.1,12,146,146,4,147,148,2006.47826086957,2006.52173913043,0.637447864518685
-0.4,2.5,0.1641,0.1,12,146,146,5,147,148,2006.47826086957,2006.52173913043,0.637447864518685
-0.4,2.5,0.1641,0.1,12,146,146,6,147,148,2006.47826086957,2006.52173913043,0.637447864518685
-0.3,2.5,0.1657,0.1,12,146,69,1,147,70,2006.47826086957,2006.47826086957,0.67374757185654
-0.3,2.5,0.1657,0.1,12,146,69,2,147,70,2006.47826086957,2006.47826086957,0.67374757185654
-0.3,2.5,0.1657,0.1,12,146,69,3,147,70,2006.47826086957,2006.47826086957,0.67374757185654
-0.3,2.5,0.1657,0.1,12,146,69,4,147,70,2006.47826086957,2006.47826086957,0.67374757185654
-0.3,2.5,0.1657,0.1,12,146,69,5,147,70,2006.47826086957,2006.47826086957,0.67374757185654
-0.3,2.5,0.1657,0.1,12,146,69,6,147,70,2006.47826086957,2006.47826086957,0.67374757185654
-0.2,2.5,0.1636,0.1,12,146,146,1,147,NA,2006.47826086957,NA,0.776894427495784
-0.2,2.5,0.1636,0.1,12,146,146,2,147,NA,2006.47826086957,NA,0.776894427495784
-0.2,2.5,0.1636,0.1,12,146,146,3,147,NA,2006.47826086957,NA,0.776894427495784
-0.2,2.5,0.1636,0.1,12,146,146,4,147,150,2006.47826086957,2006.60869565217,0.776894427495784
-0.2,2.5,0.1636,0.1,12,146,146,5,147,150,2006.47826086957,2006.60869565217,0.776894427495784
-0.2,2.5,0.1636,0.1,12,146,146,6,147,150,2006.47826086957,2006.60869565217,0.776894427495784
-0.1,2.5,0.172,0.1,12,146,146,1,147,NA,2006.47826086957,NA,0.711454322225768
-0.1,2.5,0.172,0.1,12,146,146,2,147,NA,2006.47826086957,NA,0.711454322225768
-0.1,2.5,0.172,0.1,12,146,146,3,147,NA,2006.47826086957,NA,0.711454322225768
-0.1,2.5,0.172,0.1,12,146,146,4,147,NA,2006.47826086957,NA,0.711454322225768
-0.1,2.5,0.172,0.1,12,146,146,5,147,NA,2006.47826086957,NA,0.711454322225768
-0.1,2.5,0.172,0.1,12,146,146,6,147,152,2006.47826086957,2006.69565217391,0.711454322225768
0,2.5,0.1647,0.1,12,146,146,1,147,NA,2006.47826086957,NA,0.880438647904374
0,2.5,0.1647,0.1,12,146,146,2,147,NA,2006.47826086957,NA,0.880438647904374
0,2.5,0.1647,0.1,12,146,146,3,147,NA,2006.47826086957,NA,0.880438647904374
0,2.5,0.1647,0.1,12,146,146,4,147,NA,2006.47826086957,NA,0.880438647904374
0,2.5,0.1647,0.1,12,146,146,5,147,NA,2006.47826086957,NA,0.880438647904374
0,2.5,0.1647,0.1,12,146,146,6,147,NA,2006.47826086957,NA,0.880438647904374
-0.5,3,0.185,0.1,12,146,42,1,147,NA,2006.47826086957,NA,0.771235741549484
-0.5,3,0.185,0.1,12,146,42,2,147,44,2006.47826086957,2006.52173913043,0.771235741549484
-0.5,3,0.185,0.1,12,146,42,3,147,44,2006.47826086957,2006.52173913043,0.771235741549484
-0.5,3,0.185,0.1,12,146,42,4,147,44,2006.47826086957,2006.52173913043,0.771235741549484
-0.5,3,0.185,0.1,12,146,42,5,147,44,2006.47826086957,2006.52173913043,0.771235741549484
-0.5,3,0.185,0.1,12,146,42,6,147,44,2006.47826086957,2006.52173913043,0.771235741549484
-0.4,3,0.1749,0.1,12,146,146,1,147,NA,2006.47826086957,NA,0.631514918513193
-0.4,3,0.1749,0.1,12,146,146,2,147,148,2006.47826086957,2006.52173913043,0.631514918513193
-0.4,3,0.1749,0.1,12,146,146,3,147,148,2006.47826086957,2006.52173913043,0.631514918513193
-0.4,3,0.1749,0.1,12,146,146,4,147,148,2006.47826086957,2006.52173913043,0.631514918513193
-0.4,3,0.1749,0.1,12,146,146,5,147,148,2006.47826086957,2006.52173913043,0.631514918513193
-0.4,3,0.1749,0.1,12,146,146,6,147,148,2006.47826086957,2006.52173913043,0.631514918513193
-0.3,3,0.1683,0.1,12,146,146,1,147,NA,2006.47826086957,NA,0.77092309437166
-0.3,3,0.1683,0.1,12,146,146,2,147,NA,2006.47826086957,NA,0.77092309437166
-0.3,3,0.1683,0.1,12,146,146,3,147,NA,2006.47826086957,NA,0.77092309437166
-0.3,3,0.1683,0.1,12,146,146,4,147,150,2006.47826086957,2006.60869565217,0.77092309437166
-0.3,3,0.1683,0.1,12,146,146,5,147,150,2006.47826086957,2006.60869565217,0.77092309437166
-0.3,3,0.1683,0.1,12,146,146,6,147,150,2006.47826086957,2006.60869565217,0.77092309437166
-0.2,3,0.1856,0.1,12,146,146,1,147,NA,2006.47826086957,NA,0.53497707953964
-0.2,3,0.1856,0.1,12,146,146,2,147,NA,2006.47826086957,NA,0.53497707953964
-0.2,3,0.1856,0.1,12,146,146,3,147,NA,2006.47826086957,NA,0.53497707953964
-0.2,3,0.1856,0.1,12,146,146,4,147,NA,2006.47826086957,NA,0.53497707953964
-0.2,3,0.1856,0.1,12,146,146,5,147,151,2006.47826086957,2006.65217391304,0.53497707953964
-0.2,3,0.1856,0.1,12,146,146,6,147,151,2006.47826086957,2006.65217391304,0.53497707953964
-0.1,3,0.1625,0.1,12,146,115,1,147,NA,2006.47826086957,NA,0.903706047969056
-0.1,3,0.1625,0.1,12,146,115,2,147,NA,2006.47826086957,NA,0.903706047969056
-0.1,3,0.1625,0.1,12,146,115,3,147,118,2006.47826086957,2006.56521739130,0.903706047969056
-0.1,3,0.1625,0.1,12,146,115,4,147,118,2006.47826086957,2006.56521739130,0.903706047969056
-0.1,3,0.1625,0.1,12,146,115,5,147,118,2006.47826086957,2006.56521739130,0.903706047969056
-0.1,3,0.1625,0.1,12,146,115,6,147,118,2006.47826086957,2006.56521739130,0.903706047969056
0,3,0.1894,0.1,12,146,146,1,147,NA,2006.47826086957,NA,0.653802190381006
0,3,0.1894,0.1,12,146,146,2,147,NA,2006.47826086957,NA,0.653802190381006
0,3,0.1894,0.1,12,146,146,3,147,NA,2006.47826086957,NA,0.653802190381006
0,3,0.1894,0.1,12,146,146,4,147,NA,2006.47826086957,NA,0.653802190381006
0,3,0.1894,0.1,12,146,146,5,147,NA,2006.47826086957,NA,0.653802190381006
0,3,0.1894,0.1,12,146,146,6,147,NA,2006.47826086957,NA,0.653802190381006
-0.5,3.5,0.2102,0.1,12,146,146,1,147,NA,2006.47826086957,NA,0.603191908663005
-0.5,3.5,0.2102,0.1,12,146,146,2,147,148,2006.47826086957,2006.52173913043,0.603191908663005
-0.5,3.5,0.2102,0.1,12,146,146,3,147,148,2006.47826086957,2006.52173913043,0.603191908663005
-0.5,3.5,0.2102,0.1,12,146,146,4,147,148,2006.47826086957,2006.52173913043,0.603191908663005
-0.5,3.5,0.2102,0.1,12,146,146,5,147,148,2006.47826086957,2006.52173913043,0.603191908663005
-0.5,3.5,0.2102,0.1,12,146,146,6,147,148,2006.47826086957,2006.52173913043,0.603191908663005
-0.4,3.5,0.2014,0.1,12,146,146,1,147,NA,2006.47826086957,NA,0.595240519872314
-0.4,3.5,0.2014,0.1,12,146,146,2,147,NA,2006.47826086957,NA,0.595240519872314
-0.4,3.5,0.2014,0.1,12,146,146,3,147,149,2006.47826086957,2006.56521739130,0.595240519872314
-0.4,3.5,0.2014,0.1,12,146,146,4,147,149,2006.47826086957,2006.56521739130,0.595240519872314
-0.4,3.5,0.2014,0.1,12,146,146,5,147,149,2006.47826086957,2006.56521739130,0.595240519872314
-0.4,3.5,0.2014,0.1,12,146,146,6,147,149,2006.47826086957,2006.56521739130,0.595240519872314
-0.3,3.5,0.2035,0.1,12,146,146,1,147,NA,2006.47826086957,NA,0.70239286873743
-0.3,3.5,0.2035,0.1,12,146,146,2,147,NA,2006.47826086957,NA,0.70239286873743
-0.3,3.5,0.2035,0.1,12,146,146,3,147,NA,2006.47826086957,NA,0.70239286873743
-0.3,3.5,0.2035,0.1,12,146,146,4,147,150,2006.47826086957,2006.60869565217,0.70239286873743
-0.3,3.5,0.2035,0.1,12,146,146,5,147,150,2006.47826086957,2006.60869565217,0.70239286873743
-0.3,3.5,0.2035,0.1,12,146,146,6,147,150,2006.47826086957,2006.60869565217,0.70239286873743
-0.2,3.5,0.2226,0.1,12,146,146,1,147,NA,2006.47826086957,NA,0.592910027653768
-0.2,3.5,0.2226,0.1,12,146,146,2,147,NA,2006.47826086957,NA,0.592910027653768
-0.2,3.5,0.2226,0.1,12,146,146,3,147,NA,2006.47826086957,NA,0.592910027653768
-0.2,3.5,0.2226,0.1,12,146,146,4,147,NA,2006.47826086957,NA,0.592910027653768
-0.2,3.5,0.2226,0.1,12,146,146,5,147,NA,2006.47826086957,NA,0.592910027653768
-0.2,3.5,0.2226,0.1,12,146,146,6,147,152,2006.47826086957,2006.69565217391,0.592910027653768
-0.1,3.5,0.1715,0.1,12,146,146,1,147,NA,2006.47826086957,NA,0.888912999513464
-0.1,3.5,0.1715,0.1,12,146,146,2,147,NA,2006.47826086957,NA,0.888912999513464
-0.1,3.5,0.1715,0.1,12,146,146,3,147,NA,2006.47826086957,NA,0.888912999513464
-0.1,3.5,0.1715,0.1,12,146,146,4,147,NA,2006.47826086957,NA,0.888912999513464
-0.1,3.5,0.1715,0.1,12,146,146,5,147,NA,2006.47826086957,NA,0.888912999513464
-0.1,3.5,0.1715,0.1,12,146,146,6,147,NA,2006.47826086957,NA,0.888912999513464
0,3.5,0.1813,0.1,12,146,146,1,147,NA,2006.47826086957,NA,0.735152627306766
0,3.5,0.1813,0.1,12,146,146,2,147,NA,2006.47826086957,NA,0.735152627306766
0,3.5,0.1813,0.1,12,146,146,3,147,NA,2006.47826086957,NA,0.735152627306766
0,3.5,0.1813,0.1,12,146,146,4,147,NA,2006.47826086957,NA,0.735152627306766
0,3.5,0.1813,0.1,12,146,146,5,147,NA,2006.47826086957,NA,0.735152627306766
0,3.5,0.1813,0.1,12,146,146,6,147,NA,2006.47826086957,NA,0.735152627306766
-0.5,4,0.234,0.1,12,146,146,1,147,NA,2006.47826086957,NA,0.609557908371394
-0.5,4,0.234,0.1,12,146,146,2,147,NA,2006.47826086957,NA,0.609557908371394
-0.5,4,0.234,0.1,12,146,146,3,147,149,2006.47826086957,2006.56521739130,0.609557908371394
-0.5,4,0.234,0.1,12,146,146,4,147,149,2006.47826086957,2006.56521739130,0.609557908371394
-0.5,4,0.234,0.1,12,146,146,5,147,149,2006.47826086957,2006.56521739130,0.609557908371394
-0.5,4,0.234,0.1,12,146,146,6,147,149,2006.47826086957,2006.56521739130,0.609557908371394
-0.4,4,0.1914,0.1,12,146,146,1,147,NA,2006.47826086957,NA,0.67782501114571
-0.4,4,0.1914,0.1,12,146,146,2,147,NA,2006.47826086957,NA,0.67782501114571
-0.4,4,0.1914,0.1,12,146,146,3,147,149,2006.47826086957,2006.56521739130,0.67782501114571
-0.4,4,0.1914,0.1,12,146,146,4,147,149,2006.47826086957,2006.56521739130,0.67782501114571
-0.4,4,0.1914,0.1,12,146,146,5,147,149,2006.47826086957,2006.56521739130,0.67782501114571
-0.4,4,0.1914,0.1,12,146,146,6,147,149,2006.47826086957,2006.56521739130,0.67782501114571
-0.3,4,0.2067,0.1,12,146,146,1,147,NA,2006.47826086957,NA,0.757569040487324
-0.3,4,0.2067,0.1,12,146,146,2,147,NA,2006.47826086957,NA,0.757569040487324
-0.3,4,0.2067,0.1,12,146,146,3,147,149,2006.47826086957,2006.56521739130,0.757569040487324
-0.3,4,0.2067,0.1,12,146,146,4,147,149,2006.47826086957,2006.56521739130,0.757569040487324
-0.3,4,0.2067,0.1,12,146,146,5,147,149,2006.47826086957,2006.56521739130,0.757569040487324
-0.3,4,0.2067,0.1,12,146,146,6,147,149,2006.47826086957,2006.56521739130,0.757569040487324
-0.2,4,0.2083,0.1,12,146,146,1,147,NA,2006.47826086957,NA,0.84009104147743
-0.2,4,0.2083,0.1,12,146,146,2,147,NA,2006.47826086957,NA,0.84009104147743
-0.2,4,0.2083,0.1,12,146,146,3,147,NA,2006.47826086957,NA,0.84009104147743
-0.2,4,0.2083,0.1,12,146,146,4,147,150,2006.47826086957,2006.60869565217,0.84009104147743
-0.2,4,0.2083,0.1,12,146,146,5,147,150,2006.47826086957,2006.60869565217,0.84009104147743
-0.2,4,0.2083,0.1,12,146,146,6,147,150,2006.47826086957,2006.60869565217,0.84009104147743
-0.1,4,0.205,0.1,12,146,146,1,147,NA,2006.47826086957,NA,0.778015188003595
-0.1,4,0.205,0.1,12,146,146,2,147,NA,2006.47826086957,NA,0.778015188003595
-0.1,4,0.205,0.1,12,146,146,3,147,NA,2006.47826086957,NA,0.778015188003595
-0.1,4,0.205,0.1,12,146,146,4,147,NA,2006.47826086957,NA,0.778015188003595
-0.1,4,0.205,0.1,12,146,146,5,147,NA,2006.47826086957,NA,0.778015188003595
-0.1,4,0.205,0.1,12,146,146,6,147,NA,2006.47826086957,NA,0.778015188003595
0,4,0.18,0.1,12,146,146,1,147,NA,2006.47826086957,NA,0.926512812588085
0,4,0.18,0.1,12,146,146,2,147,NA,2006.47826086957,NA,0.926512812588085
0,4,0.18,0.1,12,146,146,3,147,NA,2006.47826086957,NA,0.926512812588085
0,4,0.18,0.1,12,146,146,4,147,NA,2006.47826086957,NA,0.926512812588085
0,4,0.18,0.1,12,146,146,5,147,NA,2006.47826086957,NA,0.926512812588085
0,4,0.18,0.1,12,146,146,6,147,NA,2006.47826086957,NA,0.926512812588085
-0.5,4.5,0.235,0.1,12,146,146,1,147,NA,2006.47826086957,NA,0.630773191785906
-0.5,4.5,0.235,0.1,12,146,146,2,147,NA,2006.47826086957,NA,0.630773191785906
-0.5,4.5,0.235,0.1,12,146,146,3,147,149,2006.47826086957,2006.56521739130,0.630773191785906
-0.5,4.5,0.235,0.1,12,146,146,4,147,149,2006.47826086957,2006.56521739130,0.630773191785906
-0.5,4.5,0.235,0.1,12,146,146,5,147,149,2006.47826086957,2006.56521739130,0.630773191785906
-0.5,4.5,0.235,0.1,12,146,146,6,147,149,2006.47826086957,2006.56521739130,0.630773191785906
-0.4,4.5,0.2327,0.1,12,146,146,1,147,NA,2006.47826086957,NA,0.635021333298542
-0.4,4.5,0.2327,0.1,12,146,146,2,147,NA,2006.47826086957,NA,0.635021333298542
-0.4,4.5,0.2327,0.1,12,146,146,3,147,NA,2006.47826086957,NA,0.635021333298542
-0.4,4.5,0.2327,0.1,12,146,146,4,147,150,2006.47826086957,2006.60869565217,0.635021333298542
-0.4,4.5,0.2327,0.1,12,146,146,5,147,150,2006.47826086957,2006.60869565217,0.635021333298542
-0.4,4.5,0.2327,0.1,12,146,146,6,147,150,2006.47826086957,2006.60869565217,0.635021333298542
-0.3,4.5,0.208,0.1,12,146,146,1,147,NA,2006.47826086957,NA,0.880197443675073
-0.3,4.5,0.208,0.1,12,146,146,2,147,NA,2006.47826086957,NA,0.880197443675073
-0.3,4.5,0.208,0.1,12,146,146,3,147,149,2006.47826086957,2006.56521739130,0.880197443675073
-0.3,4.5,0.208,0.1,12,146,146,4,147,149,2006.47826086957,2006.56521739130,0.880197443675073
-0.3,4.5,0.208,0.1,12,146,146,5,147,149,2006.47826086957,2006.56521739130,0.880197443675073
-0.3,4.5,0.208,0.1,12,146,146,6,147,149,2006.47826086957,2006.56521739130,0.880197443675073
-0.2,4.5,0.2796,0.1,12,146,146,1,147,NA,2006.47826086957,NA,0.70210335626618
-0.2,4.5,0.2796,0.1,12,146,146,2,147,NA,2006.47826086957,NA,0.70210335626618
-0.2,4.5,0.2796,0.1,12,146,146,3,147,NA,2006.47826086957,NA,0.70210335626618
-0.2,4.5,0.2796,0.1,12,146,146,4,147,NA,2006.47826086957,NA,0.70210335626618
-0.2,4.5,0.2796,0.1,12,146,146,5,147,NA,2006.47826086957,NA,0.70210335626618
-0.2,4.5,0.2796,0.1,12,146,146,6,147,152,2006.47826086957,2006.69565217391,0.70210335626618
-0.1,4.5,0.2395,0.1,12,146,146,1,147,NA,2006.47826086957,NA,0.557884226758309
-0.1,4.5,0.2395,0.1,12,146,146,2,147,NA,2006.47826086957,NA,0.557884226758309
-0.1,4.5,0.2395,0.1,12,146,146,3,147,NA,2006.47826086957,NA,0.557884226758309
-0.1,4.5,0.2395,0.1,12,146,146,4,147,NA,2006.47826086957,NA,0.557884226758309
-0.1,4.5,0.2395,0.1,12,146,146,5,147,NA,2006.47826086957,NA,0.557884226758309
-0.1,4.5,0.2395,0.1,12,146,146,6,147,NA,2006.47826086957,NA,0.557884226758309
0,4.5,0.1944,0.1,12,146,146,1,147,NA,2006.47826086957,NA,0.738700027727238
0,4.5,0.1944,0.1,12,146,146,2,147,NA,2006.47826086957,NA,0.738700027727238
0,4.5,0.1944,0.1,12,146,146,3,147,NA,2006.47826086957,NA,0.738700027727238
0,4.5,0.1944,0.1,12,146,146,4,147,NA,2006.47826086957,NA,0.738700027727238
0,4.5,0.1944,0.1,12,146,146,5,147,NA,2006.47826086957,NA,0.738700027727238
0,4.5,0.1944,0.1,12,146,146,6,147,NA,2006.47826086957,NA,0.738700027727238
-0.5,5,0.2425,0.1,12,146,146,1,147,NA,2006.47826086957,NA,0.715128643922272
-0.5,5,0.2425,0.1,12,146,146,2,147,NA,2006.47826086957,NA,0.715128643922272
-0.5,5,0.2425,0.1,12,146,146,3,147,149,2006.47826086957,2006.56521739130,0.715128643922272
-0.5,5,0.2425,0.1,12,146,146,4,147,149,2006.47826086957,2006.56521739130,0.715128643922272
-0.5,5,0.2425,0.1,12,146,146,5,147,149,2006.47826086957,2006.56521739130,0.715128643922272
-0.5,5,0.2425,0.1,12,146,146,6,147,149,2006.47826086957,2006.56521739130,0.715128643922272
-0.4,5,0.2907,0.1,12,146,146,1,147,NA,2006.47826086957,NA,0.53119778822333
-0.4,5,0.2907,0.1,12,146,146,2,147,NA,2006.47826086957,NA,0.53119778822333
-0.4,5,0.2907,0.1,12,146,146,3,147,149,2006.47826086957,2006.56521739130,0.53119778822333
-0.4,5,0.2907,0.1,12,146,146,4,147,149,2006.47826086957,2006.56521739130,0.53119778822333
-0.4,5,0.2907,0.1,12,146,146,5,147,149,2006.47826086957,2006.56521739130,0.53119778822333
-0.4,5,0.2907,0.1,12,146,146,6,147,149,2006.47826086957,2006.56521739130,0.53119778822333
-0.3,5,0.3083,0.1,12,146,90,1,147,NA,2006.47826086957,NA,0.729744470674938
-0.3,5,0.3083,0.1,12,146,90,2,147,NA,2006.47826086957,NA,0.729744470674938
-0.3,5,0.3083,0.1,12,146,90,3,147,NA,2006.47826086957,NA,0.729744470674938
-0.3,5,0.3083,0.1,12,146,90,4,147,NA,2006.47826086957,NA,0.729744470674938
-0.3,5,0.3083,0.1,12,146,90,5,147,95,2006.47826086957,2006.65217391304,0.729744470674938
-0.3,5,0.3083,0.1,12,146,90,6,147,95,2006.47826086957,2006.65217391304,0.729744470674938
-0.2,5,0.2484,0.1,12,146,146,1,147,NA,2006.47826086957,NA,0.71528024769528
-0.2,5,0.2484,0.1,12,146,146,2,147,NA,2006.47826086957,NA,0.71528024769528
-0.2,5,0.2484,0.1,12,146,146,3,147,NA,2006.47826086957,NA,0.71528024769528
-0.2,5,0.2484,0.1,12,146,146,4,147,NA,2006.47826086957,NA,0.71528024769528
-0.2,5,0.2484,0.1,12,146,146,5,147,NA,2006.47826086957,NA,0.71528024769528
-0.2,5,0.2484,0.1,12,146,146,6,147,NA,2006.47826086957,NA,0.71528024769528
-0.1,5,0.2908,0.1,12,146,146,1,147,NA,2006.47826086957,NA,0.659488861823164
-0.1,5,0.2908,0.1,12,146,146,2,147,NA,2006.47826086957,NA,0.659488861823164
-0.1,5,0.2908,0.1,12,146,146,3,147,NA,2006.47826086957,NA,0.659488861823164
-0.1,5,0.2908,0.1,12,146,146,4,147,NA,2006.47826086957,NA,0.659488861823164
-0.1,5,0.2908,0.1,12,146,146,5,147,NA,2006.47826086957,NA,0.659488861823164
-0.1,5,0.2908,0.1,12,146,146,6,147,NA,2006.47826086957,NA,0.659488861823164
0,5,0.2687,0.1,12,146,146,1,147,NA,2006.47826086957,NA,0.7463926680805
0,5,0.2687,0.1,12,146,146,2,147,NA,2006.47826086957,NA,0.7463926680805
0,5,0.2687,0.1,12,146,146,3,147,NA,2006.47826086957,NA,0.7463926680805
0,5,0.2687,0.1,12,146,146,4,147,NA,2006.47826086957,NA,0.7463926680805
0,5,0.2687,0.1,12,146,146,5,147,NA,2006.47826086957,NA,0.7463926680805
0,5,0.2687,0.1,12,146,146,6,147,NA,2006.47826086957,NA,0.7463926680805
-0.5,5.5,0.2735,0.1,12,146,146,1,147,NA,2006.47826086957,NA,0.769756048846878
-0.5,5.5,0.2735,0.1,12,146,146,2,147,NA,2006.47826086957,NA,0.769756048846878
-0.5,5.5,0.2735,0.1,12,146,146,3,147,149,2006.47826086957,2006.56521739130,0.769756048846878
-0.5,5.5,0.2735,0.1,12,146,146,4,147,149,2006.47826086957,2006.56521739130,0.769756048846878
-0.5,5.5,0.2735,0.1,12,146,146,5,147,149,2006.47826086957,2006.56521739130,0.769756048846878
-0.5,5.5,0.2735,0.1,12,146,146,6,147,149,2006.47826086957,2006.56521739130,0.769756048846878
-0.4,5.5,0.3054,0.1,12,146,146,1,147,NA,2006.47826086957,NA,0.509279136982366
-0.4,5.5,0.3054,0.1,12,146,146,2,147,NA,2006.47826086957,NA,0.509279136982366
-0.4,5.5,0.3054,0.1,12,146,146,3,147,NA,2006.47826086957,NA,0.509279136982366
-0.4,5.5,0.3054,0.1,12,146,146,4,147,150,2006.47826086957,2006.60869565217,0.509279136982366
-0.4,5.5,0.3054,0.1,12,146,146,5,147,150,2006.47826086957,2006.60869565217,0.509279136982366
-0.4,5.5,0.3054,0.1,12,146,146,6,147,150,2006.47826086957,2006.60869565217,0.509279136982366
-0.3,5.5,0.2851,0.1,12,146,146,1,147,NA,2006.47826086957,NA,0.927910486935872
-0.3,5.5,0.2851,0.1,12,146,146,2,147,NA,2006.47826086957,NA,0.927910486935872
-0.3,5.5,0.2851,0.1,12,146,146,3,147,NA,2006.47826086957,NA,0.927910486935872
-0.3,5.5,0.2851,0.1,12,146,146,4,147,NA,2006.47826086957,NA,0.927910486935872
-0.3,5.5,0.2851,0.1,12,146,146,5,147,NA,2006.47826086957,NA,0.927910486935872
-0.3,5.5,0.2851,0.1,12,146,146,6,147,152,2006.47826086957,2006.69565217391,0.927910486935872
-0.2,5.5,0.2888,0.1,12,146,146,1,147,NA,2006.47826086957,NA,0.602833148119312
-0.2,5.5,0.2888,0.1,12,146,146,2,147,NA,2006.47826086957,NA,0.602833148119312
-0.2,5.5,0.2888,0.1,12,146,146,3,147,NA,2006.47826086957,NA,0.602833148119312
-0.2,5.5,0.2888,0.1,12,146,146,4,147,NA,2006.47826086957,NA,0.602833148119312
-0.2,5.5,0.2888,0.1,12,146,146,5,147,NA,2006.47826086957,NA,0.602833148119312
-0.2,5.5,0.2888,0.1,12,146,146,6,147,NA,2006.47826086957,NA,0.602833148119312
-0.1,5.5,0.3265,0.1,12,146,146,1,147,NA,2006.47826086957,NA,0.538792571857023
-0.1,5.5,0.3265,0.1,12,146,146,2,147,NA,2006.47826086957,NA,0.538792571857023
-0.1,5.5,0.3265,0.1,12,146,146,3,147,NA,2006.47826086957,NA,0.538792571857023
-0.1,5.5,0.3265,0.1,12,146,146,4,147,NA,2006.47826086957,NA,0.538792571857023
-0.1,5.5,0.3265,0.1,12,146,146,5,147,NA,2006.47826086957,NA,0.538792571857023
-0.1,5.5,0.3265,0.1,12,146,146,6,147,NA,2006.47826086957,NA,0.538792571857023
0,5.5,0.2574,0.1,12,146,146,1,147,NA,2006.47826086957,NA,0.732968191388573
0,5.5,0.2574,0.1,12,146,146,2,147,NA,2006.47826086957,NA,0.732968191388573
0,5.5,0.2574,0.1,12,146,146,3,147,NA,2006.47826086957,NA,0.732968191388573
0,5.5,0.2574,0.1,12,146,146,4,147,NA,2006.47826086957,NA,0.732968191388573
0,5.5,0.2574,0.1,12,146,146,5,147,NA,2006.47826086957,NA,0.732968191388573
0,5.5,0.2574,0.1,12,146,146,6,147,NA,2006.47826086957,NA,0.732968191388573
-0.5,6,0.2651,0.1,12,146,146,1,147,NA,2006.47826086957,NA,0.520089867058343
-0.5,6,0.2651,0.1,12,146,146,2,147,NA,2006.47826086957,NA,0.520089867058343
-0.5,6,0.2651,0.1,12,146,146,3,147,149,2006.47826086957,2006.56521739130,0.520089867058343
-0.5,6,0.2651,0.1,12,146,146,4,147,149,2006.47826086957,2006.56521739130,0.520089867058343
-0.5,6,0.2651,0.1,12,146,146,5,147,149,2006.47826086957,2006.56521739130,0.520089867058343
-0.5,6,0.2651,0.1,12,146,146,6,147,149,2006.47826086957,2006.56521739130,0.520089867058343
-0.4,6,0.3724,0.1,12,146,146,1,147,NA,2006.47826086957,NA,0.469906396373105
-0.4,6,0.3724,0.1,12,146,146,2,147,NA,2006.47826086957,NA,0.469906396373105
-0.4,6,0.3724,0.1,12,146,146,3,147,NA,2006.47826086957,NA,0.469906396373105
-0.4,6,0.3724,0.1,12,146,146,4,147,NA,2006.47826086957,NA,0.469906396373105
-0.4,6,0.3724,0.1,12,146,146,5,147,151,2006.47826086957,2006.65217391304,0.469906396373105
-0.4,6,0.3724,0.1,12,146,146,6,147,151,2006.47826086957,2006.65217391304,0.469906396373105
-0.3,6,0.2707,0.1,12,146,146,1,147,NA,2006.47826086957,NA,0.48048127895291
-0.3,6,0.2707,0.1,12,146,146,2,147,NA,2006.47826086957,NA,0.48048127895291
-0.3,6,0.2707,0.1,12,146,146,3,147,NA,2006.47826086957,NA,0.48048127895291
-0.3,6,0.2707,0.1,12,146,146,4,147,NA,2006.47826086957,NA,0.48048127895291
-0.3,6,0.2707,0.1,12,146,146,5,147,NA,2006.47826086957,NA,0.48048127895291
-0.3,6,0.2707,0.1,12,146,146,6,147,152,2006.47826086957,2006.69565217391,0.48048127895291
-0.2,6,0.351,0.1,12,146,146,1,147,NA,2006.47826086957,NA,0.666368994555553
-0.2,6,0.351,0.1,12,146,146,2,147,NA,2006.47826086957,NA,0.666368994555553
-0.2,6,0.351,0.1,12,146,146,3,147,NA,2006.47826086957,NA,0.666368994555553
-0.2,6,0.351,0.1,12,146,146,4,147,NA,2006.47826086957,NA,0.666368994555553
-0.2,6,0.351,0.1,12,146,146,5,147,NA,2006.47826086957,NA,0.666368994555553
-0.2,6,0.351,0.1,12,146,146,6,147,152,2006.47826086957,2006.69565217391,0.666368994555553
-0.1,6,0.3316,0.1,12,146,146,1,147,NA,2006.47826086957,NA,0.630804038286544
-0.1,6,0.3316,0.1,12,146,146,2,147,NA,2006.47826086957,NA,0.630804038286544
-0.1,6,0.3316,0.1,12,146,146,3,147,NA,2006.47826086957,NA,0.630804038286544
-0.1,6,0.3316,0.1,12,146,146,4,147,NA,2006.47826086957,NA,0.630804038286544
-0.1,6,0.3316,0.1,12,146,146,5,147,NA,2006.47826086957,NA,0.630804038286544
-0.1,6,0.3316,0.1,12,146,146,6,147,NA,2006.47826086957,NA,0.630804038286544
0,6,0.2725,0.1,12,146,146,1,147,NA,2006.47826086957,NA,0.5117186531702
0,6,0.2725,0.1,12,146,146,2,147,NA,2006.47826086957,NA,0.5117186531702
0,6,0.2725,0.1,12,146,146,3,147,NA,2006.47826086957,NA,0.5117186531702
0,6,0.2725,0.1,12,146,146,4,147,NA,2006.47826086957,NA,0.5117186531702
0,6,0.2725,0.1,12,146,146,5,147,NA,2006.47826086957,NA,0.5117186531702
0,6,0.2725,0.1,12,146,146,6,147,NA,2006.47826086957,NA,0.5117186531702
-0.5,6.5,0.4721,0.1,12,146,146,1,147,NA,2006.47826086957,NA,0.422350920678719
-0.5,6.5,0.4721,0.1,12,146,146,2,147,NA,2006.47826086957,NA,0.422350920678719
-0.5,6.5,0.4721,0.1,12,146,146,3,147,149,2006.47826086957,2006.56521739130,0.422350920678719
-0.5,6.5,0.4721,0.1,12,146,146,4,147,149,2006.47826086957,2006.56521739130,0.422350920678719
-0.5,6.5,0.4721,0.1,12,146,146,5,147,149,2006.47826086957,2006.56521739130,0.422350920678719
-0.5,6.5,0.4721,0.1,12,146,146,6,147,149,2006.47826086957,2006.56521739130,0.422350920678719
-0.4,6.5,0.3665,0.1,12,146,146,1,147,NA,2006.47826086957,NA,0.726441606634932
-0.4,6.5,0.3665,0.1,12,146,146,2,147,NA,2006.47826086957,NA,0.726441606634932
-0.4,6.5,0.3665,0.1,12,146,146,3,147,149,2006.47826086957,2006.56521739130,0.726441606634932
-0.4,6.5,0.3665,0.1,12,146,146,4,147,149,2006.47826086957,2006.56521739130,0.726441606634932
-0.4,6.5,0.3665,0.1,12,146,146,5,147,149,2006.47826086957,2006.56521739130,0.726441606634932
-0.4,6.5,0.3665,0.1,12,146,146,6,147,149,2006.47826086957,2006.56521739130,0.726441606634932
-0.3,6.5,0.3152,0.1,12,146,125,1,147,NA,2006.47826086957,NA,0.711408281291298
-0.3,6.5,0.3152,0.1,12,146,125,2,147,NA,2006.47826086957,NA,0.711408281291298
-0.3,6.5,0.3152,0.1,12,146,125,3,147,NA,2006.47826086957,NA,0.711408281291298
-0.3,6.5,0.3152,0.1,12,146,125,4,147,NA,2006.47826086957,NA,0.711408281291298
-0.3,6.5,0.3152,0.1,12,146,125,5,147,NA,2006.47826086957,NA,0.711408281291298
-0.3,6.5,0.3152,0.1,12,146,125,6,147,NA,2006.47826086957,NA,0.711408281291298
-0.2,6.5,0.3346,0.1,12,146,146,1,147,NA,2006.47826086957,NA,0.908770549057997
-0.2,6.5,0.3346,0.1,12,146,146,2,147,NA,2006.47826086957,NA,0.908770549057997
-0.2,6.5,0.3346,0.1,12,146,146,3,147,NA,2006.47826086957,NA,0.908770549057997
-0.2,6.5,0.3346,0.1,12,146,146,4,147,NA,2006.47826086957,NA,0.908770549057997
-0.2,6.5,0.3346,0.1,12,146,146,5,147,NA,2006.47826086957,NA,0.908770549057997
-0.2,6.5,0.3346,0.1,12,146,146,6,147,NA,2006.47826086957,NA,0.908770549057997
-0.1,6.5,0.327,0.1,12,146,146,1,147,NA,2006.47826086957,NA,0.584259753977637
-0.1,6.5,0.327,0.1,12,146,146,2,147,NA,2006.47826086957,NA,0.584259753977637
-0.1,6.5,0.327,0.1,12,146,146,3,147,NA,2006.47826086957,NA,0.584259753977637
-0.1,6.5,0.327,0.1,12,146,146,4,147,NA,2006.47826086957,NA,0.584259753977637
-0.1,6.5,0.327,0.1,12,146,146,5,147,NA,2006.47826086957,NA,0.584259753977637
-0.1,6.5,0.327,0.1,12,146,146,6,147,NA,2006.47826086957,NA,0.584259753977637
0,6.5,0.3199,0.1,12,146,146,1,147,NA,2006.47826086957,NA,0.392496876380269
0,6.5,0.3199,0.1,12,146,146,2,147,NA,2006.47826086957,NA,0.392496876380269
0,6.5,0.3199,0.1,12,146,146,3,147,NA,2006.47826086957,NA,0.392496876380269
0,6.5,0.3199,0.1,12,146,146,4,147,NA,2006.47826086957,NA,0.392496876380269
0,6.5,0.3199,0.1,12,146,146,5,147,NA,2006.47826086957,NA,0.392496876380269
0,6.5,0.3199,0.1,12,146,146,6,147,NA,2006.47826086957,NA,0.392496876380269
-0.5,7,0.3718,0.1,12,146,146,1,147,NA,2006.47826086957,NA,0.505958548897445
-0.5,7,0.3718,0.1,12,146,146,2,147,NA,2006.47826086957,NA,0.505958548897445
-0.5,7,0.3718,0.1,12,146,146,3,147,149,2006.47826086957,2006.56521739130,0.505958548897445
-0.5,7,0.3718,0.1,12,146,146,4,147,149,2006.47826086957,2006.56521739130,0.505958548897445
-0.5,7,0.3718,0.1,12,146,146,5,147,149,2006.47826086957,2006.56521739130,0.505958548897445
-0.5,7,0.3718,0.1,12,146,146,6,147,149,2006.47826086957,2006.56521739130,0.505958548897445
-0.4,7,0.3369,0.1,12,146,146,1,147,NA,2006.47826086957,NA,0.709380795065156
-0.4,7,0.3369,0.1,12,146,146,2,147,NA,2006.47826086957,NA,0.709380795065156
-0.4,7,0.3369,0.1,12,146,146,3,147,NA,2006.47826086957,NA,0.709380795065156
-0.4,7,0.3369,0.1,12,146,146,4,147,150,2006.47826086957,2006.60869565217,0.709380795065156
-0.4,7,0.3369,0.1,12,146,146,5,147,150,2006.47826086957,2006.60869565217,0.709380795065156
-0.4,7,0.3369,0.1,12,146,146,6,147,150,2006.47826086957,2006.60869565217,0.709380795065156
-0.3,7,0.3448,0.1,12,146,146,1,147,NA,2006.47826086957,NA,0.731907816734383
-0.3,7,0.3448,0.1,12,146,146,2,147,NA,2006.47826086957,NA,0.731907816734383
-0.3,7,0.3448,0.1,12,146,146,3,147,NA,2006.47826086957,NA,0.731907816734383
-0.3,7,0.3448,0.1,12,146,146,4,147,NA,2006.47826086957,NA,0.731907816734383
-0.3,7,0.3448,0.1,12,146,146,5,147,NA,2006.47826086957,NA,0.731907816734383
-0.3,7,0.3448,0.1,12,146,146,6,147,NA,2006.47826086957,NA,0.731907816734383
-0.2,7,0.3343,0.1,12,146,146,1,147,NA,2006.47826086957,NA,0.626294792866223
-0.2,7,0.3343,0.1,12,146,146,2,147,NA,2006.47826086957,NA,0.626294792866223
-0.2,7,0.3343,0.1,12,146,146,3,147,NA,2006.47826086957,NA,0.626294792866223
-0.2,7,0.3343,0.1,12,146,146,4,147,NA,2006.47826086957,NA,0.626294792866223
-0.2,7,0.3343,0.1,12,146,146,5,147,NA,2006.47826086957,NA,0.626294792866223
-0.2,7,0.3343,0.1,12,146,146,6,147,NA,2006.47826086957,NA,0.626294792866223
-0.1,7,0.3135,0.1,12,146,146,1,147,NA,2006.47826086957,NA,0.671646237157597
-0.1,7,0.3135,0.1,12,146,146,2,147,NA,2006.47826086957,NA,0.671646237157597
-0.1,7,0.3135,0.1,12,146,146,3,147,NA,2006.47826086957,NA,0.671646237157597
-0.1,7,0.3135,0.1,12,146,146,4,147,NA,2006.47826086957,NA,0.671646237157597
-0.1,7,0.3135,0.1,12,146,146,5,147,NA,2006.47826086957,NA,0.671646237157597
-0.1,7,0.3135,0.1,12,146,146,6,147,NA,2006.47826086957,NA,0.671646237157597
0,7,0.3311,0.1,12,146,146,1,147,NA,2006.47826086957,NA,0.643870601456466
0,7,0.3311,0.1,12,146,146,2,147,NA,2006.47826086957,NA,0.643870601456466
0,7,0.3311,0.1,12,146,146,3,147,NA,2006.47826086957,NA,0.643870601456466
0,7,0.3311,0.1,12,146,146,4,147,NA,2006.47826086957,NA,0.643870601456466
0,7,0.3311,0.1,12,146,146,5,147,NA,2006.47826086957,NA,0.643870601456466
0,7,0.3311,0.1,12,146,146,6,147,NA,2006.47826086957,NA,0.643870601456466
-0.5,7.5,0.3978,0.1,12,146,146,1,147,NA,2006.47826086957,NA,0.488115952858816
-0.5,7.5,0.3978,0.1,12,146,146,2,147,NA,2006.47826086957,NA,0.488115952858816
-0.5,7.5,0.3978,0.1,12,146,146,3,147,NA,2006.47826086957,NA,0.488115952858816
-0.5,7.5,0.3978,0.1,12,146,146,4,147,150,2006.47826086957,2006.60869565217,0.488115952858816
-0.5,7.5,0.3978,0.1,12,146,146,5,147,150,2006.47826086957,2006.60869565217,0.488115952858816
-0.5,7.5,0.3978,0.1,12,146,146,6,147,150,2006.47826086957,2006.60869565217,0.488115952858816
-0.4,7.5,0.3533,0.1,12,146,146,1,147,NA,2006.47826086957,NA,0.653970903894207
-0.4,7.5,0.3533,0.1,12,146,146,2,147,NA,2006.47826086957,NA,0.653970903894207
-0.4,7.5,0.3533,0.1,12,146,146,3,147,NA,2006.47826086957,NA,0.653970903894207
-0.4,7.5,0.3533,0.1,12,146,146,4,147,150,2006.47826086957,2006.60869565217,0.653970903894207
-0.4,7.5,0.3533,0.1,12,146,146,5,147,150,2006.47826086957,2006.60869565217,0.653970903894207
-0.4,7.5,0.3533,0.1,12,146,146,6,147,150,2006.47826086957,2006.60869565217,0.653970903894207
-0.3,7.5,0.3729,0.1,12,146,146,1,147,NA,2006.47826086957,NA,0.454809918261453
-0.3,7.5,0.3729,0.1,12,146,146,2,147,NA,2006.47826086957,NA,0.454809918261453
-0.3,7.5,0.3729,0.1,12,146,146,3,147,NA,2006.47826086957,NA,0.454809918261453
-0.3,7.5,0.3729,0.1,12,146,146,4,147,NA,2006.47826086957,NA,0.454809918261453
-0.3,7.5,0.3729,0.1,12,146,146,5,147,NA,2006.47826086957,NA,0.454809918261453
-0.3,7.5,0.3729,0.1,12,146,146,6,147,NA,2006.47826086957,NA,0.454809918261453
-0.2,7.5,0.4044,0.1,12,146,146,1,147,NA,2006.47826086957,NA,0.400783489083195
-0.2,7.5,0.4044,0.1,12,146,146,2,147,NA,2006.47826086957,NA,0.400783489083195
-0.2,7.5,0.4044,0.1,12,146,146,3,147,NA,2006.47826086957,NA,0.400783489083195
-0.2,7.5,0.4044,0.1,12,146,146,4,147,NA,2006.47826086957,NA,0.400783489083195
-0.2,7.5,0.4044,0.1,12,146,146,5,147,NA,2006.47826086957,NA,0.400783489083195
-0.2,7.5,0.4044,0.1,12,146,146,6,147,NA,2006.47826086957,NA,0.400783489083195
-0.1,7.5,0.4007,0.1,12,146,146,1,147,NA,2006.47826086957,NA,0.455811627899291
-0.1,7.5,0.4007,0.1,12,146,146,2,147,NA,2006.47826086957,NA,0.455811627899291
-0.1,7.5,0.4007,0.1,12,146,146,3,147,NA,2006.47826086957,NA,0.455811627899291
-0.1,7.5,0.4007,0.1,12,146,146,4,147,NA,2006.47826086957,NA,0.455811627899291
-0.1,7.5,0.4007,0.1,12,146,146,5,147,NA,2006.47826086957,NA,0.455811627899291
-0.1,7.5,0.4007,0.1,12,146,146,6,147,NA,2006.47826086957,NA,0.455811627899291
0,7.5,0.3859,0.1,12,146,45,1,147,NA,2006.47826086957,NA,0.754997027718309
0,7.5,0.3859,0.1,12,146,45,2,147,NA,2006.47826086957,NA,0.754997027718309
0,7.5,0.3859,0.1,12,146,45,3,147,NA,2006.47826086957,NA,0.754997027718309
0,7.5,0.3859,0.1,12,146,45,4,147,NA,2006.47826086957,NA,0.754997027718309
0,7.5,0.3859,0.1,12,146,45,5,147,NA,2006.47826086957,NA,0.754997027718309
0,7.5,0.3859,0.1,12,146,45,6,147,NA,2006.47826086957,NA,0.754997027718309
-0.5,8,0.4189,0.1,12,146,146,1,147,NA,2006.47826086957,NA,0.325369150638229
-0.5,8,0.4189,0.1,12,146,146,2,147,NA,2006.47826086957,NA,0.325369150638229
-0.5,8,0.4189,0.1,12,146,146,3,147,149,2006.47826086957,2006.56521739130,0.325369150638229
-0.5,8,0.4189,0.1,12,146,146,4,147,149,2006.47826086957,2006.56521739130,0.325369150638229
-0.5,8,0.4189,0.1,12,146,146,5,147,149,2006.47826086957,2006.56521739130,0.325369150638229
-0.5,8,0.4189,0.1,12,146,146,6,147,149,2006.47826086957,2006.56521739130,0.325369150638229
-0.4,8,0.3656,0.1,12,146,146,1,147,NA,2006.47826086957,NA,0.528303100884678
-0.4,8,0.3656,0.1,12,146,146,2,147,NA,2006.47826086957,NA,0.528303100884678
-0.4,8,0.3656,0.1,12,146,146,3,147,NA,2006.47826086957,NA,0.528303100884678
-0.4,8,0.3656,0.1,12,146,146,4,147,NA,2006.47826086957,NA,0.528303100884678
-0.4,8,0.3656,0.1,12,146,146,5,147,NA,2006.47826086957,NA,0.528303100884678
-0.4,8,0.3656,0.1,12,146,146,6,147,152,2006.47826086957,2006.69565217391,0.528303100884678
-0.3,8,0.4833,0.1,12,146,146,1,147,NA,2006.47826086957,NA,0.564538464925849
-0.3,8,0.4833,0.1,12,146,146,2,147,NA,2006.47826086957,NA,0.564538464925849
-0.3,8,0.4833,0.1,12,146,146,3,147,NA,2006.47826086957,NA,0.564538464925849
-0.3,8,0.4833,0.1,12,146,146,4,147,NA,2006.47826086957,NA,0.564538464925849
-0.3,8,0.4833,0.1,12,146,146,5,147,NA,2006.47826086957,NA,0.564538464925849
-0.3,8,0.4833,0.1,12,146,146,6,147,NA,2006.47826086957,NA,0.564538464925849
-0.2,8,0.4506,0.1,12,146,146,1,147,NA,2006.47826086957,NA,0.444144928879996
-0.2,8,0.4506,0.1,12,146,146,2,147,NA,2006.47826086957,NA,0.444144928879996
-0.2,8,0.4506,0.1,12,146,146,3,147,NA,2006.47826086957,NA,0.444144928879996
-0.2,8,0.4506,0.1,12,146,146,4,147,NA,2006.47826086957,NA,0.444144928879996
-0.2,8,0.4506,0.1,12,146,146,5,147,NA,2006.47826086957,NA,0.444144928879996
-0.2,8,0.4506,0.1,12,146,146,6,147,NA,2006.47826086957,NA,0.444144928879996
-0.1,8,0.4972,0.1,12,146,146,1,147,NA,2006.47826086957,NA,0.449561610299948
-0.1,8,0.4972,0.1,12,146,146,2,147,NA,2006.47826086957,NA,0.449561610299948
-0.1,8,0.4972,0.1,12,146,146,3,147,NA,2006.47826086957,NA,0.449561610299948
-0.1,8,0.4972,0.1,12,146,146,4,147,NA,2006.47826086957,NA,0.449561610299948
-0.1,8,0.4972,0.1,12,146,146,5,147,NA,2006.47826086957,NA,0.449561610299948
-0.1,8,0.4972,0.1,12,146,146,6,147,NA,2006.47826086957,NA,0.449561610299948
0,8,0.4685,0.1,12,146,146,1,147,NA,2006.47826086957,NA,0.466764417299363
0,8,0.4685,0.1,12,146,146,2,147,NA,2006.47826086957,NA,0.466764417299363
0,8,0.4685,0.1,12,146,146,3,147,NA,2006.47826086957,NA,0.466764417299363
0,8,0.4685,0.1,12,146,146,4,147,NA,2006.47826086957,NA,0.466764417299363
0,8,0.4685,0.1,12,146,146,5,147,NA,2006.47826086957,NA,0.466764417299363
0,8,0.4685,0.1,12,146,146,6,147,NA,2006.47826086957,NA,0.466764417299363
-0.5,0,0.1,0.3,12,146,146,1,147,147,2006.47826086957,2006.47826086957,2.31513952390949
-0.5,0,0.1,0.3,12,146,146,2,147,147,2006.47826086957,2006.47826086957,2.31513952390949
-0.5,0,0.1,0.3,12,146,146,3,147,147,2006.47826086957,2006.47826086957,2.31513952390949
-0.5,0,0.1,0.3,12,146,146,4,147,147,2006.47826086957,2006.47826086957,2.31513952390949
-0.5,0,0.1,0.3,12,146,146,5,147,147,2006.47826086957,2006.47826086957,2.31513952390949
-0.5,0,0.1,0.3,12,146,146,6,147,147,2006.47826086957,2006.47826086957,2.31513952390949
-0.4,0,0.1,0.3,12,146,146,1,147,147,2006.47826086957,2006.47826086957,2.27539382998039
-0.4,0,0.1,0.3,12,146,146,2,147,147,2006.47826086957,2006.47826086957,2.27539382998039
-0.4,0,0.1,0.3,12,146,146,3,147,147,2006.47826086957,2006.47826086957,2.27539382998039
-0.4,0,0.1,0.3,12,146,146,4,147,147,2006.47826086957,2006.47826086957,2.27539382998039
-0.4,0,0.1,0.3,12,146,146,5,147,147,2006.47826086957,2006.47826086957,2.27539382998039
-0.4,0,0.1,0.3,12,146,146,6,147,147,2006.47826086957,2006.47826086957,2.27539382998039
-0.3,0,0.1,0.3,12,146,146,1,147,NA,2006.47826086957,NA,2.30576801604524
-0.3,0,0.1,0.3,12,146,146,2,147,148,2006.47826086957,2006.52173913043,2.30576801604524
-0.3,0,0.1,0.3,12,146,146,3,147,148,2006.47826086957,2006.52173913043,2.30576801604524
-0.3,0,0.1,0.3,12,146,146,4,147,148,2006.47826086957,2006.52173913043,2.30576801604524
-0.3,0,0.1,0.3,12,146,146,5,147,148,2006.47826086957,2006.52173913043,2.30576801604524
-0.3,0,0.1,0.3,12,146,146,6,147,148,2006.47826086957,2006.52173913043,2.30576801604524
-0.2,0,0.1,0.3,12,146,105,1,147,NA,2006.47826086957,NA,1.95152289491726
-0.2,0,0.1,0.3,12,146,105,2,147,107,2006.47826086957,2006.52173913043,1.95152289491726
-0.2,0,0.1,0.3,12,146,105,3,147,107,2006.47826086957,2006.52173913043,1.95152289491726
-0.2,0,0.1,0.3,12,146,105,4,147,107,2006.47826086957,2006.52173913043,1.95152289491726
-0.2,0,0.1,0.3,12,146,105,5,147,107,2006.47826086957,2006.52173913043,1.95152289491726
-0.2,0,0.1,0.3,12,146,105,6,147,107,2006.47826086957,2006.52173913043,1.95152289491726
-0.1,0,0.1,0.3,12,146,146,1,147,NA,2006.47826086957,NA,2.00511797460996
-0.1,0,0.1,0.3,12,146,146,2,147,NA,2006.47826086957,NA,2.00511797460996
-0.1,0,0.1,0.3,12,146,146,3,147,NA,2006.47826086957,NA,2.00511797460996
-0.1,0,0.1,0.3,12,146,146,4,147,NA,2006.47826086957,NA,2.00511797460996
-0.1,0,0.1,0.3,12,146,146,5,147,151,2006.47826086957,2006.65217391304,2.00511797460996
-0.1,0,0.1,0.3,12,146,146,6,147,151,2006.47826086957,2006.65217391304,2.00511797460996
0,0,0.1,0.3,12,146,146,1,147,NA,2006.47826086957,NA,2.99998332146005
0,0,0.1,0.3,12,146,146,2,147,NA,2006.47826086957,NA,2.99998332146005
0,0,0.1,0.3,12,146,146,3,147,NA,2006.47826086957,NA,2.99998332146005
0,0,0.1,0.3,12,146,146,4,147,NA,2006.47826086957,NA,2.99998332146005
0,0,0.1,0.3,12,146,146,5,147,NA,2006.47826086957,NA,2.99998332146005
0,0,0.1,0.3,12,146,146,6,147,NA,2006.47826086957,NA,2.99998332146005
-0.5,0.5,0.1133,0.3,12,146,146,1,147,147,2006.47826086957,2006.47826086957,2.64291094672897
-0.5,0.5,0.1133,0.3,12,146,146,2,147,147,2006.47826086957,2006.47826086957,2.64291094672897
-0.5,0.5,0.1133,0.3,12,146,146,3,147,147,2006.47826086957,2006.47826086957,2.64291094672897
-0.5,0.5,0.1133,0.3,12,146,146,4,147,147,2006.47826086957,2006.47826086957,2.64291094672897
-0.5,0.5,0.1133,0.3,12,146,146,5,147,147,2006.47826086957,2006.47826086957,2.64291094672897
-0.5,0.5,0.1133,0.3,12,146,146,6,147,147,2006.47826086957,2006.47826086957,2.64291094672897
-0.4,0.5,0.1171,0.3,12,146,27,1,147,28,2006.47826086957,2006.47826086957,2.49857725317361
-0.4,0.5,0.1171,0.3,12,146,27,2,147,28,2006.47826086957,2006.47826086957,2.49857725317361
-0.4,0.5,0.1171,0.3,12,146,27,3,147,28,2006.47826086957,2006.47826086957,2.49857725317361
-0.4,0.5,0.1171,0.3,12,146,27,4,147,28,2006.47826086957,2006.47826086957,2.49857725317361
-0.4,0.5,0.1171,0.3,12,146,27,5,147,28,2006.47826086957,2006.47826086957,2.49857725317361
-0.4,0.5,0.1171,0.3,12,146,27,6,147,28,2006.47826086957,2006.47826086957,2.49857725317361
-0.3,0.5,0.1166,0.3,12,146,146,1,147,NA,2006.47826086957,NA,2.47918739316080
-0.3,0.5,0.1166,0.3,12,146,146,2,147,148,2006.47826086957,2006.52173913043,2.47918739316080
-0.3,0.5,0.1166,0.3,12,146,146,3,147,148,2006.47826086957,2006.52173913043,2.47918739316080
-0.3,0.5,0.1166,0.3,12,146,146,4,147,148,2006.47826086957,2006.52173913043,2.47918739316080
-0.3,0.5,0.1166,0.3,12,146,146,5,147,148,2006.47826086957,2006.52173913043,2.47918739316080
-0.3,0.5,0.1166,0.3,12,146,146,6,147,148,2006.47826086957,2006.52173913043,2.47918739316080
-0.2,0.5,0.1131,0.3,12,146,146,1,147,NA,2006.47826086957,NA,2.60412700606307
-0.2,0.5,0.1131,0.3,12,146,146,2,147,148,2006.47826086957,2006.52173913043,2.60412700606307
-0.2,0.5,0.1131,0.3,12,146,146,3,147,148,2006.47826086957,2006.52173913043,2.60412700606307
-0.2,0.5,0.1131,0.3,12,146,146,4,147,148,2006.47826086957,2006.52173913043,2.60412700606307
-0.2,0.5,0.1131,0.3,12,146,146,5,147,148,2006.47826086957,2006.52173913043,2.60412700606307
-0.2,0.5,0.1131,0.3,12,146,146,6,147,148,2006.47826086957,2006.52173913043,2.60412700606307
-0.1,0.5,0.1123,0.3,12,146,146,1,147,NA,2006.47826086957,NA,2.65169380787754
-0.1,0.5,0.1123,0.3,12,146,146,2,147,NA,2006.47826086957,NA,2.65169380787754
-0.1,0.5,0.1123,0.3,12,146,146,3,147,NA,2006.47826086957,NA,2.65169380787754
-0.1,0.5,0.1123,0.3,12,146,146,4,147,150,2006.47826086957,2006.60869565217,2.65169380787754
-0.1,0.5,0.1123,0.3,12,146,146,5,147,150,2006.47826086957,2006.60869565217,2.65169380787754
-0.1,0.5,0.1123,0.3,12,146,146,6,147,150,2006.47826086957,2006.60869565217,2.65169380787754
0,0.5,0.1135,0.3,12,146,146,1,147,NA,2006.47826086957,NA,2.35920345351205
0,0.5,0.1135,0.3,12,146,146,2,147,NA,2006.47826086957,NA,2.35920345351205
0,0.5,0.1135,0.3,12,146,146,3,147,NA,2006.47826086957,NA,2.35920345351205
0,0.5,0.1135,0.3,12,146,146,4,147,NA,2006.47826086957,NA,2.35920345351205
0,0.5,0.1135,0.3,12,146,146,5,147,NA,2006.47826086957,NA,2.35920345351205
0,0.5,0.1135,0.3,12,146,146,6,147,NA,2006.47826086957,NA,2.35920345351205
-0.5,1,0.133,0.3,12,146,72,1,147,73,2006.47826086957,2006.47826086957,2.34783258391655
-0.5,1,0.133,0.3,12,146,72,2,147,73,2006.47826086957,2006.47826086957,2.34783258391655
-0.5,1,0.133,0.3,12,146,72,3,147,73,2006.47826086957,2006.47826086957,2.34783258391655
-0.5,1,0.133,0.3,12,146,72,4,147,73,2006.47826086957,2006.47826086957,2.34783258391655
-0.5,1,0.133,0.3,12,146,72,5,147,73,2006.47826086957,2006.47826086957,2.34783258391655
-0.5,1,0.133,0.3,12,146,72,6,147,73,2006.47826086957,2006.47826086957,2.34783258391655
-0.4,1,0.1303,0.3,12,146,146,1,147,NA,2006.47826086957,NA,2.23280083606884
-0.4,1,0.1303,0.3,12,146,146,2,147,148,2006.47826086957,2006.52173913043,2.23280083606884
-0.4,1,0.1303,0.3,12,146,146,3,147,148,2006.47826086957,2006.52173913043,2.23280083606884
-0.4,1,0.1303,0.3,12,146,146,4,147,148,2006.47826086957,2006.52173913043,2.23280083606884
-0.4,1,0.1303,0.3,12,146,146,5,147,148,2006.47826086957,2006.52173913043,2.23280083606884
-0.4,1,0.1303,0.3,12,146,146,6,147,148,2006.47826086957,2006.52173913043,2.23280083606884
-0.3,1,0.1267,0.3,12,146,146,1,147,NA,2006.47826086957,NA,2.30846033414834
-0.3,1,0.1267,0.3,12,146,146,2,147,148,2006.47826086957,2006.52173913043,2.30846033414834
-0.3,1,0.1267,0.3,12,146,146,3,147,148,2006.47826086957,2006.52173913043,2.30846033414834
-0.3,1,0.1267,0.3,12,146,146,4,147,148,2006.47826086957,2006.52173913043,2.30846033414834
-0.3,1,0.1267,0.3,12,146,146,5,147,148,2006.47826086957,2006.52173913043,2.30846033414834
-0.3,1,0.1267,0.3,12,146,146,6,147,148,2006.47826086957,2006.52173913043,2.30846033414834
-0.2,1,0.1306,0.3,12,146,146,1,147,NA,2006.47826086957,NA,2.39055752529928
-0.2,1,0.1306,0.3,12,146,146,2,147,148,2006.47826086957,2006.52173913043,2.39055752529928
-0.2,1,0.1306,0.3,12,146,146,3,147,148,2006.47826086957,2006.52173913043,2.39055752529928
-0.2,1,0.1306,0.3,12,146,146,4,147,148,2006.47826086957,2006.52173913043,2.39055752529928
-0.2,1,0.1306,0.3,12,146,146,5,147,148,2006.47826086957,2006.52173913043,2.39055752529928
-0.2,1,0.1306,0.3,12,146,146,6,147,148,2006.47826086957,2006.52173913043,2.39055752529928
-0.1,1,0.1318,0.3,12,146,146,1,147,NA,2006.47826086957,NA,2.29148114445336
-0.1,1,0.1318,0.3,12,146,146,2,147,NA,2006.47826086957,NA,2.29148114445336
-0.1,1,0.1318,0.3,12,146,146,3,147,NA,2006.47826086957,NA,2.29148114445336
-0.1,1,0.1318,0.3,12,146,146,4,147,150,2006.47826086957,2006.60869565217,2.29148114445336
-0.1,1,0.1318,0.3,12,146,146,5,147,150,2006.47826086957,2006.60869565217,2.29148114445336
-0.1,1,0.1318,0.3,12,146,146,6,147,150,2006.47826086957,2006.60869565217,2.29148114445336
0,1,0.1301,0.3,12,146,146,1,147,NA,2006.47826086957,NA,2.16927648919008
0,1,0.1301,0.3,12,146,146,2,147,NA,2006.47826086957,NA,2.16927648919008
0,1,0.1301,0.3,12,146,146,3,147,NA,2006.47826086957,NA,2.16927648919008
0,1,0.1301,0.3,12,146,146,4,147,NA,2006.47826086957,NA,2.16927648919008
0,1,0.1301,0.3,12,146,146,5,147,NA,2006.47826086957,NA,2.16927648919008
0,1,0.1301,0.3,12,146,146,6,147,NA,2006.47826086957,NA,2.16927648919008
-0.5,1.5,0.1462,0.3,12,146,146,1,147,147,2006.47826086957,2006.47826086957,2.02780611486039
-0.5,1.5,0.1462,0.3,12,146,146,2,147,147,2006.47826086957,2006.47826086957,2.02780611486039
-0.5,1.5,0.1462,0.3,12,146,146,3,147,147,2006.47826086957,2006.47826086957,2.02780611486039
-0.5,1.5,0.1462,0.3,12,146,146,4,147,147,2006.47826086957,2006.47826086957,2.02780611486039
-0.5,1.5,0.1462,0.3,12,146,146,5,147,147,2006.47826086957,2006.47826086957,2.02780611486039
-0.5,1.5,0.1462,0.3,12,146,146,6,147,147,2006.47826086957,2006.47826086957,2.02780611486039
-0.4,1.5,0.1385,0.3,12,146,146,1,147,147,2006.47826086957,2006.47826086957,2.23281504735203
-0.4,1.5,0.1385,0.3,12,146,146,2,147,147,2006.47826086957,2006.47826086957,2.23281504735203
-0.4,1.5,0.1385,0.3,12,146,146,3,147,147,2006.47826086957,2006.47826086957,2.23281504735203
-0.4,1.5,0.1385,0.3,12,146,146,4,147,147,2006.47826086957,2006.47826086957,2.23281504735203
-0.4,1.5,0.1385,0.3,12,146,146,5,147,147,2006.47826086957,2006.47826086957,2.23281504735203
-0.4,1.5,0.1385,0.3,12,146,146,6,147,147,2006.47826086957,2006.47826086957,2.23281504735203
-0.3,1.5,0.132,0.3,12,146,146,1,147,NA,2006.47826086957,NA,2.38934523326489
-0.3,1.5,0.132,0.3,12,146,146,2,147,148,2006.47826086957,2006.52173913043,2.38934523326489
-0.3,1.5,0.132,0.3,12,146,146,3,147,148,2006.47826086957,2006.52173913043,2.38934523326489
-0.3,1.5,0.132,0.3,12,146,146,4,147,148,2006.47826086957,2006.52173913043,2.38934523326489
-0.3,1.5,0.132,0.3,12,146,146,5,147,148,2006.47826086957,2006.52173913043,2.38934523326489
-0.3,1.5,0.132,0.3,12,146,146,6,147,148,2006.47826086957,2006.52173913043,2.38934523326489
-0.2,1.5,0.1437,0.3,12,146,146,1,147,NA,2006.47826086957,NA,2.10847947162768
-0.2,1.5,0.1437,0.3,12,146,146,2,147,NA,2006.47826086957,NA,2.10847947162768
-0.2,1.5,0.1437,0.3,12,146,146,3,147,NA,2006.47826086957,NA,2.10847947162768
-0.2,1.5,0.1437,0.3,12,146,146,4,147,150,2006.47826086957,2006.60869565217,2.10847947162768
-0.2,1.5,0.1437,0.3,12,146,146,5,147,150,2006.47826086957,2006.60869565217,2.10847947162768
-0.2,1.5,0.1437,0.3,12,146,146,6,147,150,2006.47826086957,2006.60869565217,2.10847947162768
-0.1,1.5,0.1399,0.3,12,146,146,1,147,NA,2006.47826086957,NA,2.29109910872569
-0.1,1.5,0.1399,0.3,12,146,146,2,147,NA,2006.47826086957,NA,2.29109910872569
-0.1,1.5,0.1399,0.3,12,146,146,3,147,NA,2006.47826086957,NA,2.29109910872569
-0.1,1.5,0.1399,0.3,12,146,146,4,147,NA,2006.47826086957,NA,2.29109910872569
-0.1,1.5,0.1399,0.3,12,146,146,5,147,151,2006.47826086957,2006.65217391304,2.29109910872569
-0.1,1.5,0.1399,0.3,12,146,146,6,147,151,2006.47826086957,2006.65217391304,2.29109910872569
0,1.5,0.1551,0.3,12,146,146,1,147,NA,2006.47826086957,NA,2.02836892978437
0,1.5,0.1551,0.3,12,146,146,2,147,NA,2006.47826086957,NA,2.02836892978437
0,1.5,0.1551,0.3,12,146,146,3,147,NA,2006.47826086957,NA,2.02836892978437
0,1.5,0.1551,0.3,12,146,146,4,147,NA,2006.47826086957,NA,2.02836892978437
0,1.5,0.1551,0.3,12,146,146,5,147,NA,2006.47826086957,NA,2.02836892978437
0,1.5,0.1551,0.3,12,146,146,6,147,NA,2006.47826086957,NA,2.02836892978437
-0.5,2,0.1389,0.3,12,146,146,1,147,NA,2006.47826086957,NA,2.11127175290665
-0.5,2,0.1389,0.3,12,146,146,2,147,148,2006.47826086957,2006.52173913043,2.11127175290665
-0.5,2,0.1389,0.3,12,146,146,3,147,148,2006.47826086957,2006.52173913043,2.11127175290665
-0.5,2,0.1389,0.3,12,146,146,4,147,148,2006.47826086957,2006.52173913043,2.11127175290665
-0.5,2,0.1389,0.3,12,146,146,5,147,148,2006.47826086957,2006.52173913043,2.11127175290665
-0.5,2,0.1389,0.3,12,146,146,6,147,148,2006.47826086957,2006.52173913043,2.11127175290665
-0.4,2,0.1593,0.3,12,146,146,1,147,NA,2006.47826086957,NA,1.75775686162431
-0.4,2,0.1593,0.3,12,146,146,2,147,148,2006.47826086957,2006.52173913043,1.75775686162431
-0.4,2,0.1593,0.3,12,146,146,3,147,148,2006.47826086957,2006.52173913043,1.75775686162431
-0.4,2,0.1593,0.3,12,146,146,4,147,148,2006.47826086957,2006.52173913043,1.75775686162431
-0.4,2,0.1593,0.3,12,146,146,5,147,148,2006.47826086957,2006.52173913043,1.75775686162431
-0.4,2,0.1593,0.3,12,146,146,6,147,148,2006.47826086957,2006.52173913043,1.75775686162431
-0.3,2,0.1564,0.3,12,146,146,1,147,NA,2006.47826086957,NA,1.87308063499081
-0.3,2,0.1564,0.3,12,146,146,2,147,NA,2006.47826086957,NA,1.87308063499081
-0.3,2,0.1564,0.3,12,146,146,3,147,149,2006.47826086957,2006.56521739130,1.87308063499081
-0.3,2,0.1564,0.3,12,146,146,4,147,149,2006.47826086957,2006.56521739130,1.87308063499081
-0.3,2,0.1564,0.3,12,146,146,5,147,149,2006.47826086957,2006.56521739130,1.87308063499081
-0.3,2,0.1564,0.3,12,146,146,6,147,149,2006.47826086957,2006.56521739130,1.87308063499081
-0.2,2,0.1496,0.3,12,146,146,1,147,NA,2006.47826086957,NA,1.91298590321405
-0.2,2,0.1496,0.3,12,146,146,2,147,NA,2006.47826086957,NA,1.91298590321405
-0.2,2,0.1496,0.3,12,146,146,3,147,NA,2006.47826086957,NA,1.91298590321405
-0.2,2,0.1496,0.3,12,146,146,4,147,150,2006.47826086957,2006.60869565217,1.91298590321405
-0.2,2,0.1496,0.3,12,146,146,5,147,150,2006.47826086957,2006.60869565217,1.91298590321405
-0.2,2,0.1496,0.3,12,146,146,6,147,150,2006.47826086957,2006.60869565217,1.91298590321405
-0.1,2,0.1541,0.3,12,146,146,1,147,NA,2006.47826086957,NA,2.18548481991513
-0.1,2,0.1541,0.3,12,146,146,2,147,NA,2006.47826086957,NA,2.18548481991513
-0.1,2,0.1541,0.3,12,146,146,3,147,NA,2006.47826086957,NA,2.18548481991513
-0.1,2,0.1541,0.3,12,146,146,4,147,150,2006.47826086957,2006.60869565217,2.18548481991513
-0.1,2,0.1541,0.3,12,146,146,5,147,150,2006.47826086957,2006.60869565217,2.18548481991513
-0.1,2,0.1541,0.3,12,146,146,6,147,150,2006.47826086957,2006.60869565217,2.18548481991513
0,2,0.1537,0.3,12,146,146,1,147,NA,2006.47826086957,NA,2.13879340103781
0,2,0.1537,0.3,12,146,146,2,147,NA,2006.47826086957,NA,2.13879340103781
0,2,0.1537,0.3,12,146,146,3,147,NA,2006.47826086957,NA,2.13879340103781
0,2,0.1537,0.3,12,146,146,4,147,NA,2006.47826086957,NA,2.13879340103781
0,2,0.1537,0.3,12,146,146,5,147,NA,2006.47826086957,NA,2.13879340103781
0,2,0.1537,0.3,12,146,146,6,147,NA,2006.47826086957,NA,2.13879340103781
-0.5,2.5,0.1674,0.3,12,146,146,1,147,NA,2006.47826086957,NA,1.92931764143206
-0.5,2.5,0.1674,0.3,12,146,146,2,147,148,2006.47826086957,2006.52173913043,1.92931764143206
-0.5,2.5,0.1674,0.3,12,146,146,3,147,148,2006.47826086957,2006.52173913043,1.92931764143206
-0.5,2.5,0.1674,0.3,12,146,146,4,147,148,2006.47826086957,2006.52173913043,1.92931764143206
-0.5,2.5,0.1674,0.3,12,146,146,5,147,148,2006.47826086957,2006.52173913043,1.92931764143206
-0.5,2.5,0.1674,0.3,12,146,146,6,147,148,2006.47826086957,2006.52173913043,1.92931764143206
-0.4,2.5,0.1669,0.3,12,146,146,1,147,NA,2006.47826086957,NA,1.87865498123658
-0.4,2.5,0.1669,0.3,12,146,146,2,147,148,2006.47826086957,2006.52173913043,1.87865498123658
-0.4,2.5,0.1669,0.3,12,146,146,3,147,148,2006.47826086957,2006.52173913043,1.87865498123658
-0.4,2.5,0.1669,0.3,12,146,146,4,147,148,2006.47826086957,2006.52173913043,1.87865498123658
-0.4,2.5,0.1669,0.3,12,146,146,5,147,148,2006.47826086957,2006.52173913043,1.87865498123658
-0.4,2.5,0.1669,0.3,12,146,146,6,147,148,2006.47826086957,2006.52173913043,1.87865498123658
-0.3,2.5,0.158,0.3,12,146,146,1,147,NA,2006.47826086957,NA,1.72554777004464
-0.3,2.5,0.158,0.3,12,146,146,2,147,148,2006.47826086957,2006.52173913043,1.72554777004464
-0.3,2.5,0.158,0.3,12,146,146,3,147,148,2006.47826086957,2006.52173913043,1.72554777004464
-0.3,2.5,0.158,0.3,12,146,146,4,147,148,2006.47826086957,2006.52173913043,1.72554777004464
-0.3,2.5,0.158,0.3,12,146,146,5,147,148,2006.47826086957,2006.52173913043,1.72554777004464
-0.3,2.5,0.158,0.3,12,146,146,6,147,148,2006.47826086957,2006.52173913043,1.72554777004464
-0.2,2.5,0.1456,0.3,12,146,146,1,147,NA,2006.47826086957,NA,1.92927022375585
-0.2,2.5,0.1456,0.3,12,146,146,2,147,NA,2006.47826086957,NA,1.92927022375585
-0.2,2.5,0.1456,0.3,12,146,146,3,147,NA,2006.47826086957,NA,1.92927022375585
-0.2,2.5,0.1456,0.3,12,146,146,4,147,150,2006.47826086957,2006.60869565217,1.92927022375585
-0.2,2.5,0.1456,0.3,12,146,146,5,147,150,2006.47826086957,2006.60869565217,1.92927022375585
-0.2,2.5,0.1456,0.3,12,146,146,6,147,150,2006.47826086957,2006.60869565217,1.92927022375585
-0.1,2.5,0.1702,0.3,12,146,146,1,147,NA,2006.47826086957,NA,1.55166531700182
-0.1,2.5,0.1702,0.3,12,146,146,2,147,NA,2006.47826086957,NA,1.55166531700182
-0.1,2.5,0.1702,0.3,12,146,146,3,147,NA,2006.47826086957,NA,1.55166531700182
-0.1,2.5,0.1702,0.3,12,146,146,4,147,NA,2006.47826086957,NA,1.55166531700182
-0.1,2.5,0.1702,0.3,12,146,146,5,147,NA,2006.47826086957,NA,1.55166531700182
-0.1,2.5,0.1702,0.3,12,146,146,6,147,NA,2006.47826086957,NA,1.55166531700182
0,2.5,0.1669,0.3,12,146,146,1,147,NA,2006.47826086957,NA,1.88947451394189
0,2.5,0.1669,0.3,12,146,146,2,147,NA,2006.47826086957,NA,1.88947451394189
0,2.5,0.1669,0.3,12,146,146,3,147,NA,2006.47826086957,NA,1.88947451394189
0,2.5,0.1669,0.3,12,146,146,4,147,NA,2006.47826086957,NA,1.88947451394189
0,2.5,0.1669,0.3,12,146,146,5,147,NA,2006.47826086957,NA,1.88947451394189
0,2.5,0.1669,0.3,12,146,146,6,147,NA,2006.47826086957,NA,1.88947451394189
-0.5,3,0.1622,0.3,12,146,89,1,147,90,2006.47826086957,2006.47826086957,1.82090009224526
-0.5,3,0.1622,0.3,12,146,89,2,147,90,2006.47826086957,2006.47826086957,1.82090009224526
-0.5,3,0.1622,0.3,12,146,89,3,147,90,2006.47826086957,2006.47826086957,1.82090009224526
-0.5,3,0.1622,0.3,12,146,89,4,147,90,2006.47826086957,2006.47826086957,1.82090009224526
-0.5,3,0.1622,0.3,12,146,89,5,147,90,2006.47826086957,2006.47826086957,1.82090009224526
-0.5,3,0.1622,0.3,12,146,89,6,147,90,2006.47826086957,2006.47826086957,1.82090009224526
-0.4,3,0.1762,0.3,12,146,146,1,147,NA,2006.47826086957,NA,1.77098892595958
-0.4,3,0.1762,0.3,12,146,146,2,147,NA,2006.47826086957,NA,1.77098892595958
-0.4,3,0.1762,0.3,12,146,146,3,147,149,2006.47826086957,2006.56521739130,1.77098892595958
-0.4,3,0.1762,0.3,12,146,146,4,147,149,2006.47826086957,2006.56521739130,1.77098892595958
-0.4,3,0.1762,0.3,12,146,146,5,147,149,2006.47826086957,2006.56521739130,1.77098892595958
-0.4,3,0.1762,0.3,12,146,146,6,147,149,2006.47826086957,2006.56521739130,1.77098892595958
-0.3,3,0.2051,0.3,12,146,146,1,147,NA,2006.47826086957,NA,1.435695972045
-0.3,3,0.2051,0.3,12,146,146,2,147,NA,2006.47826086957,NA,1.435695972045
-0.3,3,0.2051,0.3,12,146,146,3,147,149,2006.47826086957,2006.56521739130,1.435695972045
-0.3,3,0.2051,0.3,12,146,146,4,147,149,2006.47826086957,2006.56521739130,1.435695972045
-0.3,3,0.2051,0.3,12,146,146,5,147,149,2006.47826086957,2006.56521739130,1.435695972045
-0.3,3,0.2051,0.3,12,146,146,6,147,149,2006.47826086957,2006.56521739130,1.435695972045
-0.2,3,0.175,0.3,12,146,146,1,147,NA,2006.47826086957,NA,1.94118495719735
-0.2,3,0.175,0.3,12,146,146,2,147,NA,2006.47826086957,NA,1.94118495719735
-0.2,3,0.175,0.3,12,146,146,3,147,NA,2006.47826086957,NA,1.94118495719735
-0.2,3,0.175,0.3,12,146,146,4,147,150,2006.47826086957,2006.60869565217,1.94118495719735
-0.2,3,0.175,0.3,12,146,146,5,147,150,2006.47826086957,2006.60869565217,1.94118495719735
-0.2,3,0.175,0.3,12,146,146,6,147,150,2006.47826086957,2006.60869565217,1.94118495719735
-0.1,3,0.211,0.3,12,146,146,1,147,NA,2006.47826086957,NA,1.53520896342478
-0.1,3,0.211,0.3,12,146,146,2,147,NA,2006.47826086957,NA,1.53520896342478
-0.1,3,0.211,0.3,12,146,146,3,147,NA,2006.47826086957,NA,1.53520896342478
-0.1,3,0.211,0.3,12,146,146,4,147,NA,2006.47826086957,NA,1.53520896342478
-0.1,3,0.211,0.3,12,146,146,5,147,NA,2006.47826086957,NA,1.53520896342478
-0.1,3,0.211,0.3,12,146,146,6,147,NA,2006.47826086957,NA,1.53520896342478
0,3,0.2383,0.3,12,146,146,1,147,NA,2006.47826086957,NA,1.44216267065108
0,3,0.2383,0.3,12,146,146,2,147,NA,2006.47826086957,NA,1.44216267065108
0,3,0.2383,0.3,12,146,146,3,147,NA,2006.47826086957,NA,1.44216267065108
0,3,0.2383,0.3,12,146,146,4,147,NA,2006.47826086957,NA,1.44216267065108
0,3,0.2383,0.3,12,146,146,5,147,NA,2006.47826086957,NA,1.44216267065108
0,3,0.2383,0.3,12,146,146,6,147,NA,2006.47826086957,NA,1.44216267065108
-0.5,3.5,0.1923,0.3,12,146,146,1,147,NA,2006.47826086957,NA,1.64773442718592
-0.5,3.5,0.1923,0.3,12,146,146,2,147,148,2006.47826086957,2006.52173913043,1.64773442718592
-0.5,3.5,0.1923,0.3,12,146,146,3,147,148,2006.47826086957,2006.52173913043,1.64773442718592
-0.5,3.5,0.1923,0.3,12,146,146,4,147,148,2006.47826086957,2006.52173913043,1.64773442718592
-0.5,3.5,0.1923,0.3,12,146,146,5,147,148,2006.47826086957,2006.52173913043,1.64773442718592
-0.5,3.5,0.1923,0.3,12,146,146,6,147,148,2006.47826086957,2006.52173913043,1.64773442718592
-0.4,3.5,0.1871,0.3,12,146,146,1,147,NA,2006.47826086957,NA,1.30992942711156
-0.4,3.5,0.1871,0.3,12,146,146,2,147,NA,2006.47826086957,NA,1.30992942711156
-0.4,3.5,0.1871,0.3,12,146,146,3,147,149,2006.47826086957,2006.56521739130,1.30992942711156
-0.4,3.5,0.1871,0.3,12,146,146,4,147,149,2006.47826086957,2006.56521739130,1.30992942711156
-0.4,3.5,0.1871,0.3,12,146,146,5,147,149,2006.47826086957,2006.56521739130,1.30992942711156
-0.4,3.5,0.1871,0.3,12,146,146,6,147,149,2006.47826086957,2006.56521739130,1.30992942711156
-0.3,3.5,0.1863,0.3,12,146,146,1,147,NA,2006.47826086957,NA,1.81679497970816
-0.3,3.5,0.1863,0.3,12,146,146,2,147,NA,2006.47826086957,NA,1.81679497970816
-0.3,3.5,0.1863,0.3,12,146,146,3,147,NA,2006.47826086957,NA,1.81679497970816
-0.3,3.5,0.1863,0.3,12,146,146,4,147,150,2006.47826086957,2006.60869565217,1.81679497970816
-0.3,3.5,0.1863,0.3,12,146,146,5,147,150,2006.47826086957,2006.60869565217,1.81679497970816
-0.3,3.5,0.1863,0.3,12,146,146,6,147,150,2006.47826086957,2006.60869565217,1.81679497970816
-0.2,3.5,0.2108,0.3,12,146,146,1,147,NA,2006.47826086957,NA,1.65518961445673
-0.2,3.5,0.2108,0.3,12,146,146,2,147,NA,2006.47826086957,NA,1.65518961445673
-0.2,3.5,0.2108,0.3,12,146,146,3,147,NA,2006.47826086957,NA,1.65518961445673
-0.2,3.5,0.2108,0.3,12,146,146,4,147,NA,2006.47826086957,NA,1.65518961445673
-0.2,3.5,0.2108,0.3,12,146,146,5,147,151,2006.47826086957,2006.65217391304,1.65518961445673
-0.2,3.5,0.2108,0.3,12,146,146,6,147,151,2006.47826086957,2006.65217391304,1.65518961445673
-0.1,3.5,0.1868,0.3,12,146,146,1,147,NA,2006.47826086957,NA,1.70318922866790
-0.1,3.5,0.1868,0.3,12,146,146,2,147,NA,2006.47826086957,NA,1.70318922866790
-0.1,3.5,0.1868,0.3,12,146,146,3,147,NA,2006.47826086957,NA,1.70318922866790
-0.1,3.5,0.1868,0.3,12,146,146,4,147,NA,2006.47826086957,NA,1.70318922866790
-0.1,3.5,0.1868,0.3,12,146,146,5,147,NA,2006.47826086957,NA,1.70318922866790
-0.1,3.5,0.1868,0.3,12,146,146,6,147,NA,2006.47826086957,NA,1.70318922866790
0,3.5,0.2178,0.3,12,146,146,1,147,NA,2006.47826086957,NA,1.57158202176563
0,3.5,0.2178,0.3,12,146,146,2,147,NA,2006.47826086957,NA,1.57158202176563
0,3.5,0.2178,0.3,12,146,146,3,147,NA,2006.47826086957,NA,1.57158202176563
0,3.5,0.2178,0.3,12,146,146,4,147,NA,2006.47826086957,NA,1.57158202176563
0,3.5,0.2178,0.3,12,146,146,5,147,NA,2006.47826086957,NA,1.57158202176563
0,3.5,0.2178,0.3,12,146,146,6,147,NA,2006.47826086957,NA,1.57158202176563
-0.5,4,0.2114,0.3,12,146,146,1,147,NA,2006.47826086957,NA,1.40457528036615
-0.5,4,0.2114,0.3,12,146,146,2,147,148,2006.47826086957,2006.52173913043,1.40457528036615
-0.5,4,0.2114,0.3,12,146,146,3,147,148,2006.47826086957,2006.52173913043,1.40457528036615
-0.5,4,0.2114,0.3,12,146,146,4,147,148,2006.47826086957,2006.52173913043,1.40457528036615
-0.5,4,0.2114,0.3,12,146,146,5,147,148,2006.47826086957,2006.52173913043,1.40457528036615
-0.5,4,0.2114,0.3,12,146,146,6,147,148,2006.47826086957,2006.52173913043,1.40457528036615
-0.4,4,0.2224,0.3,12,146,146,1,147,NA,2006.47826086957,NA,1.37892510559779
-0.4,4,0.2224,0.3,12,146,146,2,147,NA,2006.47826086957,NA,1.37892510559779
-0.4,4,0.2224,0.3,12,146,146,3,147,149,2006.47826086957,2006.56521739130,1.37892510559779
-0.4,4,0.2224,0.3,12,146,146,4,147,149,2006.47826086957,2006.56521739130,1.37892510559779
-0.4,4,0.2224,0.3,12,146,146,5,147,149,2006.47826086957,2006.56521739130,1.37892510559779
-0.4,4,0.2224,0.3,12,146,146,6,147,149,2006.47826086957,2006.56521739130,1.37892510559779
-0.3,4,0.215,0.3,12,146,146,1,147,NA,2006.47826086957,NA,1.58139520555439
-0.3,4,0.215,0.3,12,146,146,2,147,NA,2006.47826086957,NA,1.58139520555439
-0.3,4,0.215,0.3,12,146,146,3,147,149,2006.47826086957,2006.56521739130,1.58139520555439
-0.3,4,0.215,0.3,12,146,146,4,147,149,2006.47826086957,2006.56521739130,1.58139520555439
-0.3,4,0.215,0.3,12,146,146,5,147,149,2006.47826086957,2006.56521739130,1.58139520555439
-0.3,4,0.215,0.3,12,146,146,6,147,149,2006.47826086957,2006.56521739130,1.58139520555439
-0.2,4,0.2236,0.3,12,146,146,1,147,NA,2006.47826086957,NA,1.19176903272531
-0.2,4,0.2236,0.3,12,146,146,2,147,NA,2006.47826086957,NA,1.19176903272531
-0.2,4,0.2236,0.3,12,146,146,3,147,NA,2006.47826086957,NA,1.19176903272531
-0.2,4,0.2236,0.3,12,146,146,4,147,NA,2006.47826086957,NA,1.19176903272531
-0.2,4,0.2236,0.3,12,146,146,5,147,151,2006.47826086957,2006.65217391304,1.19176903272531
-0.2,4,0.2236,0.3,12,146,146,6,147,151,2006.47826086957,2006.65217391304,1.19176903272531
-0.1,4,0.1992,0.3,12,146,146,1,147,NA,2006.47826086957,NA,1.70861376855815
-0.1,4,0.1992,0.3,12,146,146,2,147,NA,2006.47826086957,NA,1.70861376855815
-0.1,4,0.1992,0.3,12,146,146,3,147,NA,2006.47826086957,NA,1.70861376855815
-0.1,4,0.1992,0.3,12,146,146,4,147,NA,2006.47826086957,NA,1.70861376855815
-0.1,4,0.1992,0.3,12,146,146,5,147,NA,2006.47826086957,NA,1.70861376855815
-0.1,4,0.1992,0.3,12,146,146,6,147,NA,2006.47826086957,NA,1.70861376855815
0,4,0.2002,0.3,12,146,146,1,147,NA,2006.47826086957,NA,1.78753179813963
0,4,0.2002,0.3,12,146,146,2,147,NA,2006.47826086957,NA,1.78753179813963
0,4,0.2002,0.3,12,146,146,3,147,NA,2006.47826086957,NA,1.78753179813963
0,4,0.2002,0.3,12,146,146,4,147,NA,2006.47826086957,NA,1.78753179813963
0,4,0.2002,0.3,12,146,146,5,147,NA,2006.47826086957,NA,1.78753179813963
0,4,0.2002,0.3,12,146,146,6,147,NA,2006.47826086957,NA,1.78753179813963
-0.5,4.5,0.219,0.3,12,146,47,1,147,48,2006.47826086957,2006.47826086957,1.28078208838293
-0.5,4.5,0.219,0.3,12,146,47,2,147,48,2006.47826086957,2006.47826086957,1.28078208838293
-0.5,4.5,0.219,0.3,12,146,47,3,147,48,2006.47826086957,2006.47826086957,1.28078208838293
-0.5,4.5,0.219,0.3,12,146,47,4,147,48,2006.47826086957,2006.47826086957,1.28078208838293
-0.5,4.5,0.219,0.3,12,146,47,5,147,48,2006.47826086957,2006.47826086957,1.28078208838293
-0.5,4.5,0.219,0.3,12,146,47,6,147,48,2006.47826086957,2006.47826086957,1.28078208838293
-0.4,4.5,0.284,0.3,12,146,146,1,147,NA,2006.47826086957,NA,1.31727661866408
-0.4,4.5,0.284,0.3,12,146,146,2,147,NA,2006.47826086957,NA,1.31727661866408
-0.4,4.5,0.284,0.3,12,146,146,3,147,149,2006.47826086957,2006.56521739130,1.31727661866408
-0.4,4.5,0.284,0.3,12,146,146,4,147,149,2006.47826086957,2006.56521739130,1.31727661866408
-0.4,4.5,0.284,0.3,12,146,146,5,147,149,2006.47826086957,2006.56521739130,1.31727661866408
-0.4,4.5,0.284,0.3,12,146,146,6,147,149,2006.47826086957,2006.56521739130,1.31727661866408
-0.3,4.5,0.2522,0.3,12,146,146,1,147,NA,2006.47826086957,NA,1.42218036918221
-0.3,4.5,0.2522,0.3,12,146,146,2,147,NA,2006.47826086957,NA,1.42218036918221
-0.3,4.5,0.2522,0.3,12,146,146,3,147,NA,2006.47826086957,NA,1.42218036918221
-0.3,4.5,0.2522,0.3,12,146,146,4,147,150,2006.47826086957,2006.60869565217,1.42218036918221
-0.3,4.5,0.2522,0.3,12,146,146,5,147,150,2006.47826086957,2006.60869565217,1.42218036918221
-0.3,4.5,0.2522,0.3,12,146,146,6,147,150,2006.47826086957,2006.60869565217,1.42218036918221
-0.2,4.5,0.2744,0.3,12,146,146,1,147,NA,2006.47826086957,NA,1.16400080330852
-0.2,4.5,0.2744,0.3,12,146,146,2,147,NA,2006.47826086957,NA,1.16400080330852
-0.2,4.5,0.2744,0.3,12,146,146,3,147,NA,2006.47826086957,NA,1.16400080330852
-0.2,4.5,0.2744,0.3,12,146,146,4,147,NA,2006.47826086957,NA,1.16400080330852
-0.2,4.5,0.2744,0.3,12,146,146,5,147,NA,2006.47826086957,NA,1.16400080330852
-0.2,4.5,0.2744,0.3,12,146,146,6,147,NA,2006.47826086957,NA,1.16400080330852
-0.1,4.5,0.2044,0.3,12,146,146,1,147,NA,2006.47826086957,NA,1.32188747456593
-0.1,4.5,0.2044,0.3,12,146,146,2,147,NA,2006.47826086957,NA,1.32188747456593
-0.1,4.5,0.2044,0.3,12,146,146,3,147,NA,2006.47826086957,NA,1.32188747456593
-0.1,4.5,0.2044,0.3,12,146,146,4,147,NA,2006.47826086957,NA,1.32188747456593
-0.1,4.5,0.2044,0.3,12,146,146,5,147,NA,2006.47826086957,NA,1.32188747456593
-0.1,4.5,0.2044,0.3,12,146,146,6,147,NA,2006.47826086957,NA,1.32188747456593
0,4.5,0.2214,0.3,12,146,146,1,147,NA,2006.47826086957,NA,1.83129527246262
0,4.5,0.2214,0.3,12,146,146,2,147,NA,2006.47826086957,NA,1.83129527246262
0,4.5,0.2214,0.3,12,146,146,3,147,NA,2006.47826086957,NA,1.83129527246262
0,4.5,0.2214,0.3,12,146,146,4,147,NA,2006.47826086957,NA,1.83129527246262
0,4.5,0.2214,0.3,12,146,146,5,147,NA,2006.47826086957,NA,1.83129527246262
0,4.5,0.2214,0.3,12,146,146,6,147,NA,2006.47826086957,NA,1.83129527246262
-0.5,5,0.2558,0.3,12,146,146,1,147,NA,2006.47826086957,NA,1.64862077004507
-0.5,5,0.2558,0.3,12,146,146,2,147,148,2006.47826086957,2006.52173913043,1.64862077004507
-0.5,5,0.2558,0.3,12,146,146,3,147,148,2006.47826086957,2006.52173913043,1.64862077004507
-0.5,5,0.2558,0.3,12,146,146,4,147,148,2006.47826086957,2006.52173913043,1.64862077004507
-0.5,5,0.2558,0.3,12,146,146,5,147,148,2006.47826086957,2006.52173913043,1.64862077004507
-0.5,5,0.2558,0.3,12,146,146,6,147,148,2006.47826086957,2006.52173913043,1.64862077004507
-0.4,5,0.2748,0.3,12,146,146,1,147,NA,2006.47826086957,NA,1.30131823427104
-0.4,5,0.2748,0.3,12,146,146,2,147,NA,2006.47826086957,NA,1.30131823427104
-0.4,5,0.2748,0.3,12,146,146,3,147,NA,2006.47826086957,NA,1.30131823427104
-0.4,5,0.2748,0.3,12,146,146,4,147,150,2006.47826086957,2006.60869565217,1.30131823427104
-0.4,5,0.2748,0.3,12,146,146,5,147,150,2006.47826086957,2006.60869565217,1.30131823427104
-0.4,5,0.2748,0.3,12,146,146,6,147,150,2006.47826086957,2006.60869565217,1.30131823427104
-0.3,5,0.2664,0.3,12,146,146,1,147,NA,2006.47826086957,NA,1.20176540929606
-0.3,5,0.2664,0.3,12,146,146,2,147,NA,2006.47826086957,NA,1.20176540929606
-0.3,5,0.2664,0.3,12,146,146,3,147,NA,2006.47826086957,NA,1.20176540929606
-0.3,5,0.2664,0.3,12,146,146,4,147,150,2006.47826086957,2006.60869565217,1.20176540929606
-0.3,5,0.2664,0.3,12,146,146,5,147,150,2006.47826086957,2006.60869565217,1.20176540929606
-0.3,5,0.2664,0.3,12,146,146,6,147,150,2006.47826086957,2006.60869565217,1.20176540929606
-0.2,5,0.2358,0.3,12,146,146,1,147,NA,2006.47826086957,NA,1.71519961072607
-0.2,5,0.2358,0.3,12,146,146,2,147,NA,2006.47826086957,NA,1.71519961072607
-0.2,5,0.2358,0.3,12,146,146,3,147,NA,2006.47826086957,NA,1.71519961072607
-0.2,5,0.2358,0.3,12,146,146,4,147,NA,2006.47826086957,NA,1.71519961072607
-0.2,5,0.2358,0.3,12,146,146,5,147,NA,2006.47826086957,NA,1.71519961072607
-0.2,5,0.2358,0.3,12,146,146,6,147,152,2006.47826086957,2006.69565217391,1.71519961072607
-0.1,5,0.2086,0.3,12,146,146,1,147,NA,2006.47826086957,NA,1.78166958571622
-0.1,5,0.2086,0.3,12,146,146,2,147,NA,2006.47826086957,NA,1.78166958571622
-0.1,5,0.2086,0.3,12,146,146,3,147,NA,2006.47826086957,NA,1.78166958571622
-0.1,5,0.2086,0.3,12,146,146,4,147,NA,2006.47826086957,NA,1.78166958571622
-0.1,5,0.2086,0.3,12,146,146,5,147,NA,2006.47826086957,NA,1.78166958571622
-0.1,5,0.2086,0.3,12,146,146,6,147,NA,2006.47826086957,NA,1.78166958571622
0,5,0.2353,0.3,12,146,146,1,147,NA,2006.47826086957,NA,1.18368990867285
0,5,0.2353,0.3,12,146,146,2,147,NA,2006.47826086957,NA,1.18368990867285
0,5,0.2353,0.3,12,146,146,3,147,NA,2006.47826086957,NA,1.18368990867285
0,5,0.2353,0.3,12,146,146,4,147,NA,2006.47826086957,NA,1.18368990867285
0,5,0.2353,0.3,12,146,146,5,147,NA,2006.47826086957,NA,1.18368990867285
0,5,0.2353,0.3,12,146,146,6,147,NA,2006.47826086957,NA,1.18368990867285
-0.5,5.5,0.3132,0.3,12,146,146,1,147,NA,2006.47826086957,NA,0.883892683596575
-0.5,5.5,0.3132,0.3,12,146,146,2,147,NA,2006.47826086957,NA,0.883892683596575
-0.5,5.5,0.3132,0.3,12,146,146,3,147,NA,2006.47826086957,NA,0.883892683596575
-0.5,5.5,0.3132,0.3,12,146,146,4,147,150,2006.47826086957,2006.60869565217,0.883892683596575
-0.5,5.5,0.3132,0.3,12,146,146,5,147,150,2006.47826086957,2006.60869565217,0.883892683596575
-0.5,5.5,0.3132,0.3,12,146,146,6,147,150,2006.47826086957,2006.60869565217,0.883892683596575
-0.4,5.5,0.26,0.3,12,146,146,1,147,NA,2006.47826086957,NA,1.30640736557412
-0.4,5.5,0.26,0.3,12,146,146,2,147,NA,2006.47826086957,NA,1.30640736557412
-0.4,5.5,0.26,0.3,12,146,146,3,147,NA,2006.47826086957,NA,1.30640736557412
-0.4,5.5,0.26,0.3,12,146,146,4,147,150,2006.47826086957,2006.60869565217,1.30640736557412
-0.4,5.5,0.26,0.3,12,146,146,5,147,150,2006.47826086957,2006.60869565217,1.30640736557412
-0.4,5.5,0.26,0.3,12,146,146,6,147,150,2006.47826086957,2006.60869565217,1.30640736557412
-0.3,5.5,0.3569,0.3,12,146,146,1,147,NA,2006.47826086957,NA,1.26396464026122
-0.3,5.5,0.3569,0.3,12,146,146,2,147,NA,2006.47826086957,NA,1.26396464026122
-0.3,5.5,0.3569,0.3,12,146,146,3,147,NA,2006.47826086957,NA,1.26396464026122
-0.3,5.5,0.3569,0.3,12,146,146,4,147,NA,2006.47826086957,NA,1.26396464026122
-0.3,5.5,0.3569,0.3,12,146,146,5,147,NA,2006.47826086957,NA,1.26396464026122
-0.3,5.5,0.3569,0.3,12,146,146,6,147,NA,2006.47826086957,NA,1.26396464026122
-0.2,5.5,0.266,0.3,12,146,146,1,147,NA,2006.47826086957,NA,1.35295576415398
-0.2,5.5,0.266,0.3,12,146,146,2,147,NA,2006.47826086957,NA,1.35295576415398
-0.2,5.5,0.266,0.3,12,146,146,3,147,NA,2006.47826086957,NA,1.35295576415398
-0.2,5.5,0.266,0.3,12,146,146,4,147,NA,2006.47826086957,NA,1.35295576415398
-0.2,5.5,0.266,0.3,12,146,146,5,147,NA,2006.47826086957,NA,1.35295576415398
-0.2,5.5,0.266,0.3,12,146,146,6,147,152,2006.47826086957,2006.69565217391,1.35295576415398
-0.1,5.5,0.2921,0.3,12,146,146,1,147,NA,2006.47826086957,NA,1.23631665161748
-0.1,5.5,0.2921,0.3,12,146,146,2,147,NA,2006.47826086957,NA,1.23631665161748
-0.1,5.5,0.2921,0.3,12,146,146,3,147,NA,2006.47826086957,NA,1.23631665161748
-0.1,5.5,0.2921,0.3,12,146,146,4,147,NA,2006.47826086957,NA,1.23631665161748
-0.1,5.5,0.2921,0.3,12,146,146,5,147,NA,2006.47826086957,NA,1.23631665161748
-0.1,5.5,0.2921,0.3,12,146,146,6,147,NA,2006.47826086957,NA,1.23631665161748
0,5.5,0.3138,0.3,12,146,146,1,147,NA,2006.47826086957,NA,1.12262243328301
0,5.5,0.3138,0.3,12,146,146,2,147,NA,2006.47826086957,NA,1.12262243328301
0,5.5,0.3138,0.3,12,146,146,3,147,NA,2006.47826086957,NA,1.12262243328301
0,5.5,0.3138,0.3,12,146,146,4,147,NA,2006.47826086957,NA,1.12262243328301
0,5.5,0.3138,0.3,12,146,146,5,147,NA,2006.47826086957,NA,1.12262243328301
0,5.5,0.3138,0.3,12,146,146,6,147,NA,2006.47826086957,NA,1.12262243328301
-0.5,6,0.3255,0.3,12,146,146,1,147,NA,2006.47826086957,NA,1.08264086056592
-0.5,6,0.3255,0.3,12,146,146,2,147,148,2006.47826086957,2006.52173913043,1.08264086056592
-0.5,6,0.3255,0.3,12,146,146,3,147,148,2006.47826086957,2006.52173913043,1.08264086056592
-0.5,6,0.3255,0.3,12,146,146,4,147,148,2006.47826086957,2006.52173913043,1.08264086056592
-0.5,6,0.3255,0.3,12,146,146,5,147,148,2006.47826086957,2006.52173913043,1.08264086056592
-0.5,6,0.3255,0.3,12,146,146,6,147,148,2006.47826086957,2006.52173913043,1.08264086056592
-0.4,6,0.3341,0.3,12,146,146,1,147,NA,2006.47826086957,NA,1.11600137250873
-0.4,6,0.3341,0.3,12,146,146,2,147,NA,2006.47826086957,NA,1.11600137250873
-0.4,6,0.3341,0.3,12,146,146,3,147,NA,2006.47826086957,NA,1.11600137250873
-0.4,6,0.3341,0.3,12,146,146,4,147,150,2006.47826086957,2006.60869565217,1.11600137250873
-0.4,6,0.3341,0.3,12,146,146,5,147,150,2006.47826086957,2006.60869565217,1.11600137250873
-0.4,6,0.3341,0.3,12,146,146,6,147,150,2006.47826086957,2006.60869565217,1.11600137250873
-0.3,6,0.3835,0.3,12,146,146,1,147,NA,2006.47826086957,NA,1.02609558371600
-0.3,6,0.3835,0.3,12,146,146,2,147,NA,2006.47826086957,NA,1.02609558371600
-0.3,6,0.3835,0.3,12,146,146,3,147,NA,2006.47826086957,NA,1.02609558371600
-0.3,6,0.3835,0.3,12,146,146,4,147,NA,2006.47826086957,NA,1.02609558371600
-0.3,6,0.3835,0.3,12,146,146,5,147,NA,2006.47826086957,NA,1.02609558371600
-0.3,6,0.3835,0.3,12,146,146,6,147,NA,2006.47826086957,NA,1.02609558371600
-0.2,6,0.2925,0.3,12,146,146,1,147,NA,2006.47826086957,NA,0.925066299824072
-0.2,6,0.2925,0.3,12,146,146,2,147,NA,2006.47826086957,NA,0.925066299824072
-0.2,6,0.2925,0.3,12,146,146,3,147,NA,2006.47826086957,NA,0.925066299824072
-0.2,6,0.2925,0.3,12,146,146,4,147,NA,2006.47826086957,NA,0.925066299824072
-0.2,6,0.2925,0.3,12,146,146,5,147,NA,2006.47826086957,NA,0.925066299824072
-0.2,6,0.2925,0.3,12,146,146,6,147,NA,2006.47826086957,NA,0.925066299824072
-0.1,6,0.3613,0.3,12,146,146,1,147,NA,2006.47826086957,NA,0.991414467619526
-0.1,6,0.3613,0.3,12,146,146,2,147,NA,2006.47826086957,NA,0.991414467619526
-0.1,6,0.3613,0.3,12,146,146,3,147,NA,2006.47826086957,NA,0.991414467619526
-0.1,6,0.3613,0.3,12,146,146,4,147,NA,2006.47826086957,NA,0.991414467619526
-0.1,6,0.3613,0.3,12,146,146,5,147,NA,2006.47826086957,NA,0.991414467619526
-0.1,6,0.3613,0.3,12,146,146,6,147,NA,2006.47826086957,NA,0.991414467619526
0,6,0.287,0.3,12,146,146,1,147,NA,2006.47826086957,NA,1.19134445210472
0,6,0.287,0.3,12,146,146,2,147,NA,2006.47826086957,NA,1.19134445210472
0,6,0.287,0.3,12,146,146,3,147,NA,2006.47826086957,NA,1.19134445210472
0,6,0.287,0.3,12,146,146,4,147,NA,2006.47826086957,NA,1.19134445210472
0,6,0.287,0.3,12,146,146,5,147,NA,2006.47826086957,NA,1.19134445210472
0,6,0.287,0.3,12,146,146,6,147,NA,2006.47826086957,NA,1.19134445210472
-0.5,6.5,0.3119,0.3,12,146,146,1,147,NA,2006.47826086957,NA,1.18138355432495
-0.5,6.5,0.3119,0.3,12,146,146,2,147,NA,2006.47826086957,NA,1.18138355432495
-0.5,6.5,0.3119,0.3,12,146,146,3,147,149,2006.47826086957,2006.56521739130,1.18138355432495
-0.5,6.5,0.3119,0.3,12,146,146,4,147,149,2006.47826086957,2006.56521739130,1.18138355432495
-0.5,6.5,0.3119,0.3,12,146,146,5,147,149,2006.47826086957,2006.56521739130,1.18138355432495
-0.5,6.5,0.3119,0.3,12,146,146,6,147,149,2006.47826086957,2006.56521739130,1.18138355432495
-0.4,6.5,0.358,0.3,12,146,146,1,147,NA,2006.47826086957,NA,1.37872492647044
-0.4,6.5,0.358,0.3,12,146,146,2,147,NA,2006.47826086957,NA,1.37872492647044
-0.4,6.5,0.358,0.3,12,146,146,3,147,NA,2006.47826086957,NA,1.37872492647044
-0.4,6.5,0.358,0.3,12,146,146,4,147,150,2006.47826086957,2006.60869565217,1.37872492647044
-0.4,6.5,0.358,0.3,12,146,146,5,147,150,2006.47826086957,2006.60869565217,1.37872492647044
-0.4,6.5,0.358,0.3,12,146,146,6,147,150,2006.47826086957,2006.60869565217,1.37872492647044
-0.3,6.5,0.3521,0.3,12,146,146,1,147,NA,2006.47826086957,NA,0.942270507421105
-0.3,6.5,0.3521,0.3,12,146,146,2,147,NA,2006.47826086957,NA,0.942270507421105
-0.3,6.5,0.3521,0.3,12,146,146,3,147,NA,2006.47826086957,NA,0.942270507421105
-0.3,6.5,0.3521,0.3,12,146,146,4,147,NA,2006.47826086957,NA,0.942270507421105
-0.3,6.5,0.3521,0.3,12,146,146,5,147,151,2006.47826086957,2006.65217391304,0.942270507421105
-0.3,6.5,0.3521,0.3,12,146,146,6,147,151,2006.47826086957,2006.65217391304,0.942270507421105
-0.2,6.5,0.3977,0.3,12,146,146,1,147,NA,2006.47826086957,NA,0.984485164449087
-0.2,6.5,0.3977,0.3,12,146,146,2,147,NA,2006.47826086957,NA,0.984485164449087
-0.2,6.5,0.3977,0.3,12,146,146,3,147,NA,2006.47826086957,NA,0.984485164449087
-0.2,6.5,0.3977,0.3,12,146,146,4,147,NA,2006.47826086957,NA,0.984485164449087
-0.2,6.5,0.3977,0.3,12,146,146,5,147,NA,2006.47826086957,NA,0.984485164449087
-0.2,6.5,0.3977,0.3,12,146,146,6,147,152,2006.47826086957,2006.69565217391,0.984485164449087
-0.1,6.5,0.4287,0.3,12,146,146,1,147,NA,2006.47826086957,NA,0.846448516059382
-0.1,6.5,0.4287,0.3,12,146,146,2,147,NA,2006.47826086957,NA,0.846448516059382
-0.1,6.5,0.4287,0.3,12,146,146,3,147,NA,2006.47826086957,NA,0.846448516059382
-0.1,6.5,0.4287,0.3,12,146,146,4,147,NA,2006.47826086957,NA,0.846448516059382
-0.1,6.5,0.4287,0.3,12,146,146,5,147,NA,2006.47826086957,NA,0.846448516059382
-0.1,6.5,0.4287,0.3,12,146,146,6,147,NA,2006.47826086957,NA,0.846448516059382
0,6.5,0.3026,0.3,12,146,146,1,147,NA,2006.47826086957,NA,1.24238583653455
0,6.5,0.3026,0.3,12,146,146,2,147,NA,2006.47826086957,NA,1.24238583653455
0,6.5,0.3026,0.3,12,146,146,3,147,NA,2006.47826086957,NA,1.24238583653455
0,6.5,0.3026,0.3,12,146,146,4,147,NA,2006.47826086957,NA,1.24238583653455
0,6.5,0.3026,0.3,12,146,146,5,147,NA,2006.47826086957,NA,1.24238583653455
0,6.5,0.3026,0.3,12,146,146,6,147,NA,2006.47826086957,NA,1.24238583653455
-0.5,7,0.3437,0.3,12,146,146,1,147,NA,2006.47826086957,NA,1.03668688475441
-0.5,7,0.3437,0.3,12,146,146,2,147,NA,2006.47826086957,NA,1.03668688475441
-0.5,7,0.3437,0.3,12,146,146,3,147,NA,2006.47826086957,NA,1.03668688475441
-0.5,7,0.3437,0.3,12,146,146,4,147,150,2006.47826086957,2006.60869565217,1.03668688475441
-0.5,7,0.3437,0.3,12,146,146,5,147,150,2006.47826086957,2006.60869565217,1.03668688475441
-0.5,7,0.3437,0.3,12,146,146,6,147,150,2006.47826086957,2006.60869565217,1.03668688475441
-0.4,7,0.4384,0.3,12,146,146,1,147,NA,2006.47826086957,NA,0.90734710310565
-0.4,7,0.4384,0.3,12,146,146,2,147,NA,2006.47826086957,NA,0.90734710310565
-0.4,7,0.4384,0.3,12,146,146,3,147,NA,2006.47826086957,NA,0.90734710310565
-0.4,7,0.4384,0.3,12,146,146,4,147,150,2006.47826086957,2006.60869565217,0.90734710310565
-0.4,7,0.4384,0.3,12,146,146,5,147,150,2006.47826086957,2006.60869565217,0.90734710310565
-0.4,7,0.4384,0.3,12,146,146,6,147,150,2006.47826086957,2006.60869565217,0.90734710310565
-0.3,7,0.3793,0.3,12,146,146,1,147,NA,2006.47826086957,NA,0.986149731273396
-0.3,7,0.3793,0.3,12,146,146,2,147,NA,2006.47826086957,NA,0.986149731273396
-0.3,7,0.3793,0.3,12,146,146,3,147,NA,2006.47826086957,NA,0.986149731273396
-0.3,7,0.3793,0.3,12,146,146,4,147,NA,2006.47826086957,NA,0.986149731273396
-0.3,7,0.3793,0.3,12,146,146,5,147,NA,2006.47826086957,NA,0.986149731273396
-0.3,7,0.3793,0.3,12,146,146,6,147,NA,2006.47826086957,NA,0.986149731273396
-0.2,7,0.3346,0.3,12,146,146,1,147,NA,2006.47826086957,NA,1.14139041632130
-0.2,7,0.3346,0.3,12,146,146,2,147,NA,2006.47826086957,NA,1.14139041632130
-0.2,7,0.3346,0.3,12,146,146,3,147,NA,2006.47826086957,NA,1.14139041632130
-0.2,7,0.3346,0.3,12,146,146,4,147,NA,2006.47826086957,NA,1.14139041632130
-0.2,7,0.3346,0.3,12,146,146,5,147,NA,2006.47826086957,NA,1.14139041632130
-0.2,7,0.3346,0.3,12,146,146,6,147,152,2006.47826086957,2006.69565217391,1.14139041632130
-0.1,7,0.3306,0.3,12,146,69,1,147,NA,2006.47826086957,NA,1.14457412965079
-0.1,7,0.3306,0.3,12,146,69,2,147,NA,2006.47826086957,NA,1.14457412965079
-0.1,7,0.3306,0.3,12,146,69,3,147,NA,2006.47826086957,NA,1.14457412965079
-0.1,7,0.3306,0.3,12,146,69,4,147,NA,2006.47826086957,NA,1.14457412965079
-0.1,7,0.3306,0.3,12,146,69,5,147,NA,2006.47826086957,NA,1.14457412965079
-0.1,7,0.3306,0.3,12,146,69,6,147,NA,2006.47826086957,NA,1.14457412965079
0,7,0.3366,0.3,12,146,146,1,147,NA,2006.47826086957,NA,1.07423089448694
0,7,0.3366,0.3,12,146,146,2,147,NA,2006.47826086957,NA,1.07423089448694
0,7,0.3366,0.3,12,146,146,3,147,NA,2006.47826086957,NA,1.07423089448694
0,7,0.3366,0.3,12,146,146,4,147,NA,2006.47826086957,NA,1.07423089448694
0,7,0.3366,0.3,12,146,146,5,147,NA,2006.47826086957,NA,1.07423089448694
0,7,0.3366,0.3,12,146,146,6,147,NA,2006.47826086957,NA,1.07423089448694
-0.5,7.5,0.4182,0.3,12,146,146,1,147,NA,2006.47826086957,NA,0.900467988268075
-0.5,7.5,0.4182,0.3,12,146,146,2,147,NA,2006.47826086957,NA,0.900467988268075
-0.5,7.5,0.4182,0.3,12,146,146,3,147,NA,2006.47826086957,NA,0.900467988268075
-0.5,7.5,0.4182,0.3,12,146,146,4,147,150,2006.47826086957,2006.60869565217,0.900467988268075
-0.5,7.5,0.4182,0.3,12,146,146,5,147,150,2006.47826086957,2006.60869565217,0.900467988268075
-0.5,7.5,0.4182,0.3,12,146,146,6,147,150,2006.47826086957,2006.60869565217,0.900467988268075
-0.4,7.5,0.4607,0.3,12,146,146,1,147,NA,2006.47826086957,NA,0.856855932697404
-0.4,7.5,0.4607,0.3,12,146,146,2,147,NA,2006.47826086957,NA,0.856855932697404
-0.4,7.5,0.4607,0.3,12,146,146,3,147,NA,2006.47826086957,NA,0.856855932697404
-0.4,7.5,0.4607,0.3,12,146,146,4,147,NA,2006.47826086957,NA,0.856855932697404
-0.4,7.5,0.4607,0.3,12,146,146,5,147,151,2006.47826086957,2006.65217391304,0.856855932697404
-0.4,7.5,0.4607,0.3,12,146,146,6,147,151,2006.47826086957,2006.65217391304,0.856855932697404
-0.3,7.5,0.3601,0.3,12,146,146,1,147,NA,2006.47826086957,NA,0.919878149328555
-0.3,7.5,0.3601,0.3,12,146,146,2,147,NA,2006.47826086957,NA,0.919878149328555
-0.3,7.5,0.3601,0.3,12,146,146,3,147,NA,2006.47826086957,NA,0.919878149328555
-0.3,7.5,0.3601,0.3,12,146,146,4,147,NA,2006.47826086957,NA,0.919878149328555
-0.3,7.5,0.3601,0.3,12,146,146,5,147,NA,2006.47826086957,NA,0.919878149328555
-0.3,7.5,0.3601,0.3,12,146,146,6,147,152,2006.47826086957,2006.69565217391,0.919878149328555
-0.2,7.5,0.4207,0.3,12,146,146,1,147,NA,2006.47826086957,NA,1.01533637378324
-0.2,7.5,0.4207,0.3,12,146,146,2,147,NA,2006.47826086957,NA,1.01533637378324
-0.2,7.5,0.4207,0.3,12,146,146,3,147,NA,2006.47826086957,NA,1.01533637378324
-0.2,7.5,0.4207,0.3,12,146,146,4,147,NA,2006.47826086957,NA,1.01533637378324
-0.2,7.5,0.4207,0.3,12,146,146,5,147,NA,2006.47826086957,NA,1.01533637378324
-0.2,7.5,0.4207,0.3,12,146,146,6,147,NA,2006.47826086957,NA,1.01533637378324
-0.1,7.5,0.3556,0.3,12,146,146,1,147,NA,2006.47826086957,NA,1.04055139698006
-0.1,7.5,0.3556,0.3,12,146,146,2,147,NA,2006.47826086957,NA,1.04055139698006
-0.1,7.5,0.3556,0.3,12,146,146,3,147,NA,2006.47826086957,NA,1.04055139698006
-0.1,7.5,0.3556,0.3,12,146,146,4,147,NA,2006.47826086957,NA,1.04055139698006
-0.1,7.5,0.3556,0.3,12,146,146,5,147,NA,2006.47826086957,NA,1.04055139698006
-0.1,7.5,0.3556,0.3,12,146,146,6,147,NA,2006.47826086957,NA,1.04055139698006
0,7.5,0.3425,0.3,12,146,146,1,147,NA,2006.47826086957,NA,1.20052224291307
0,7.5,0.3425,0.3,12,146,146,2,147,NA,2006.47826086957,NA,1.20052224291307
0,7.5,0.3425,0.3,12,146,146,3,147,NA,2006.47826086957,NA,1.20052224291307
0,7.5,0.3425,0.3,12,146,146,4,147,NA,2006.47826086957,NA,1.20052224291307
0,7.5,0.3425,0.3,12,146,146,5,147,NA,2006.47826086957,NA,1.20052224291307
0,7.5,0.3425,0.3,12,146,146,6,147,NA,2006.47826086957,NA,1.20052224291307
-0.5,8,0.4157,0.3,12,146,146,1,147,NA,2006.47826086957,NA,0.873269883629658
-0.5,8,0.4157,0.3,12,146,146,2,147,NA,2006.47826086957,NA,0.873269883629658
-0.5,8,0.4157,0.3,12,146,146,3,147,149,2006.47826086957,2006.56521739130,0.873269883629658
-0.5,8,0.4157,0.3,12,146,146,4,147,149,2006.47826086957,2006.56521739130,0.873269883629658
-0.5,8,0.4157,0.3,12,146,146,5,147,149,2006.47826086957,2006.56521739130,0.873269883629658
-0.5,8,0.4157,0.3,12,146,146,6,147,149,2006.47826086957,2006.56521739130,0.873269883629658
-0.4,8,0.4418,0.3,12,146,146,1,147,NA,2006.47826086957,NA,0.943093202700546
-0.4,8,0.4418,0.3,12,146,146,2,147,NA,2006.47826086957,NA,0.943093202700546
-0.4,8,0.4418,0.3,12,146,146,3,147,NA,2006.47826086957,NA,0.943093202700546
-0.4,8,0.4418,0.3,12,146,146,4,147,150,2006.47826086957,2006.60869565217,0.943093202700546
-0.4,8,0.4418,0.3,12,146,146,5,147,150,2006.47826086957,2006.60869565217,0.943093202700546
-0.4,8,0.4418,0.3,12,146,146,6,147,150,2006.47826086957,2006.60869565217,0.943093202700546
-0.3,8,0.3728,0.3,12,146,146,1,147,NA,2006.47826086957,NA,1.01302694509301
-0.3,8,0.3728,0.3,12,146,146,2,147,NA,2006.47826086957,NA,1.01302694509301
-0.3,8,0.3728,0.3,12,146,146,3,147,NA,2006.47826086957,NA,1.01302694509301
-0.3,8,0.3728,0.3,12,146,146,4,147,NA,2006.47826086957,NA,1.01302694509301
-0.3,8,0.3728,0.3,12,146,146,5,147,NA,2006.47826086957,NA,1.01302694509301
-0.3,8,0.3728,0.3,12,146,146,6,147,NA,2006.47826086957,NA,1.01302694509301
-0.2,8,0.4045,0.3,12,146,38,1,147,NA,2006.47826086957,NA,1.05684479000017
-0.2,8,0.4045,0.3,12,146,38,2,147,NA,2006.47826086957,NA,1.05684479000017
-0.2,8,0.4045,0.3,12,146,38,3,147,NA,2006.47826086957,NA,1.05684479000017
-0.2,8,0.4045,0.3,12,146,38,4,147,NA,2006.47826086957,NA,1.05684479000017
-0.2,8,0.4045,0.3,12,146,38,5,147,NA,2006.47826086957,NA,1.05684479000017
-0.2,8,0.4045,0.3,12,146,38,6,147,NA,2006.47826086957,NA,1.05684479000017
-0.1,8,0.3979,0.3,12,146,146,1,147,NA,2006.47826086957,NA,1.04917400527963
-0.1,8,0.3979,0.3,12,146,146,2,147,NA,2006.47826086957,NA,1.04917400527963
-0.1,8,0.3979,0.3,12,146,146,3,147,NA,2006.47826086957,NA,1.04917400527963
-0.1,8,0.3979,0.3,12,146,146,4,147,NA,2006.47826086957,NA,1.04917400527963
-0.1,8,0.3979,0.3,12,146,146,5,147,NA,2006.47826086957,NA,1.04917400527963
-0.1,8,0.3979,0.3,12,146,146,6,147,NA,2006.47826086957,NA,1.04917400527963
0,8,0.3889,0.3,12,146,146,1,147,NA,2006.47826086957,NA,1.05900214660667
0,8,0.3889,0.3,12,146,146,2,147,NA,2006.47826086957,NA,1.05900214660667
0,8,0.3889,0.3,12,146,146,3,147,NA,2006.47826086957,NA,1.05900214660667
0,8,0.3889,0.3,12,146,146,4,147,NA,2006.47826086957,NA,1.05900214660667
0,8,0.3889,0.3,12,146,146,5,147,NA,2006.47826086957,NA,1.05900214660667
0,8,0.3889,0.3,12,146,146,6,147,NA,2006.47826086957,NA,1.05900214660667
-0.5,0,0.1,0.5,12,146,146,1,147,147,2006.47826086957,2006.47826086957,3.28526354776761
-0.5,0,0.1,0.5,12,146,146,2,147,147,2006.47826086957,2006.47826086957,3.28526354776761
-0.5,0,0.1,0.5,12,146,146,3,147,147,2006.47826086957,2006.47826086957,3.28526354776761
-0.5,0,0.1,0.5,12,146,146,4,147,147,2006.47826086957,2006.47826086957,3.28526354776761
-0.5,0,0.1,0.5,12,146,146,5,147,147,2006.47826086957,2006.47826086957,3.28526354776761
-0.5,0,0.1,0.5,12,146,146,6,147,147,2006.47826086957,2006.47826086957,3.28526354776761
-0.4,0,0.1,0.5,12,146,146,1,147,147,2006.47826086957,2006.47826086957,4.99997220243346
-0.4,0,0.1,0.5,12,146,146,2,147,147,2006.47826086957,2006.47826086957,4.99997220243346
-0.4,0,0.1,0.5,12,146,146,3,147,147,2006.47826086957,2006.47826086957,4.99997220243346
-0.4,0,0.1,0.5,12,146,146,4,147,147,2006.47826086957,2006.47826086957,4.99997220243346
-0.4,0,0.1,0.5,12,146,146,5,147,147,2006.47826086957,2006.47826086957,4.99997220243346
-0.4,0,0.1,0.5,12,146,146,6,147,147,2006.47826086957,2006.47826086957,4.99997220243346
-0.3,0,0.1,0.5,12,146,146,1,147,NA,2006.47826086957,NA,4.99997220243322
-0.3,0,0.1,0.5,12,146,146,2,147,148,2006.47826086957,2006.52173913043,4.99997220243322
-0.3,0,0.1,0.5,12,146,146,3,147,148,2006.47826086957,2006.52173913043,4.99997220243322
-0.3,0,0.1,0.5,12,146,146,4,147,148,2006.47826086957,2006.52173913043,4.99997220243322
-0.3,0,0.1,0.5,12,146,146,5,147,148,2006.47826086957,2006.52173913043,4.99997220243322
-0.3,0,0.1,0.5,12,146,146,6,147,148,2006.47826086957,2006.52173913043,4.99997220243322
-0.2,0,0.1,0.5,12,146,146,1,147,NA,2006.47826086957,NA,3.63339006354935
-0.2,0,0.1,0.5,12,146,146,2,147,NA,2006.47826086957,NA,3.63339006354935
-0.2,0,0.1,0.5,12,146,146,3,147,149,2006.47826086957,2006.56521739130,3.63339006354935
-0.2,0,0.1,0.5,12,146,146,4,147,149,2006.47826086957,2006.56521739130,3.63339006354935
-0.2,0,0.1,0.5,12,146,146,5,147,149,2006.47826086957,2006.56521739130,3.63339006354935
-0.2,0,0.1,0.5,12,146,146,6,147,149,2006.47826086957,2006.56521739130,3.63339006354935
-0.1,0,0.1,0.5,12,146,146,1,147,NA,2006.47826086957,NA,3.65875161502965
-0.1,0,0.1,0.5,12,146,146,2,147,NA,2006.47826086957,NA,3.65875161502965
-0.1,0,0.1,0.5,12,146,146,3,147,NA,2006.47826086957,NA,3.65875161502965
-0.1,0,0.1,0.5,12,146,146,4,147,NA,2006.47826086957,NA,3.65875161502965
-0.1,0,0.1,0.5,12,146,146,5,147,151,2006.47826086957,2006.65217391304,3.65875161502965
-0.1,0,0.1,0.5,12,146,146,6,147,151,2006.47826086957,2006.65217391304,3.65875161502965
0,0,0.1,0.5,12,146,146,1,147,NA,2006.47826086957,NA,4.99997220243353
0,0,0.1,0.5,12,146,146,2,147,NA,2006.47826086957,NA,4.99997220243353
0,0,0.1,0.5,12,146,146,3,147,NA,2006.47826086957,NA,4.99997220243353
0,0,0.1,0.5,12,146,146,4,147,NA,2006.47826086957,NA,4.99997220243353
0,0,0.1,0.5,12,146,146,5,147,NA,2006.47826086957,NA,4.99997220243353
0,0,0.1,0.5,12,146,146,6,147,NA,2006.47826086957,NA,4.99997220243353
-0.5,0.5,0.1139,0.5,12,146,146,1,147,147,2006.47826086957,2006.47826086957,4.39514293633179
-0.5,0.5,0.1139,0.5,12,146,146,2,147,147,2006.47826086957,2006.47826086957,4.39514293633179
-0.5,0.5,0.1139,0.5,12,146,146,3,147,147,2006.47826086957,2006.47826086957,4.39514293633179
-0.5,0.5,0.1139,0.5,12,146,146,4,147,147,2006.47826086957,2006.47826086957,4.39514293633179
-0.5,0.5,0.1139,0.5,12,146,146,5,147,147,2006.47826086957,2006.47826086957,4.39514293633179
-0.5,0.5,0.1139,0.5,12,146,146,6,147,147,2006.47826086957,2006.47826086957,4.39514293633179
-0.4,0.5,0.1128,0.5,12,146,146,1,147,147,2006.47826086957,2006.47826086957,4.48150121221960
-0.4,0.5,0.1128,0.5,12,146,146,2,147,147,2006.47826086957,2006.47826086957,4.48150121221960
-0.4,0.5,0.1128,0.5,12,146,146,3,147,147,2006.47826086957,2006.47826086957,4.48150121221960
-0.4,0.5,0.1128,0.5,12,146,146,4,147,147,2006.47826086957,2006.47826086957,4.48150121221960
-0.4,0.5,0.1128,0.5,12,146,146,5,147,147,2006.47826086957,2006.47826086957,4.48150121221960
-0.4,0.5,0.1128,0.5,12,146,146,6,147,147,2006.47826086957,2006.47826086957,4.48150121221960
-0.3,0.5,0.1115,0.5,12,146,146,1,147,NA,2006.47826086957,NA,3.42396609043657
-0.3,0.5,0.1115,0.5,12,146,146,2,147,148,2006.47826086957,2006.52173913043,3.42396609043657
-0.3,0.5,0.1115,0.5,12,146,146,3,147,148,2006.47826086957,2006.52173913043,3.42396609043657
-0.3,0.5,0.1115,0.5,12,146,146,4,147,148,2006.47826086957,2006.52173913043,3.42396609043657
-0.3,0.5,0.1115,0.5,12,146,146,5,147,148,2006.47826086957,2006.52173913043,3.42396609043657
-0.3,0.5,0.1115,0.5,12,146,146,6,147,148,2006.47826086957,2006.52173913043,3.42396609043657
-0.2,0.5,0.1137,0.5,12,146,146,1,147,NA,2006.47826086957,NA,4.3883215924911
-0.2,0.5,0.1137,0.5,12,146,146,2,147,148,2006.47826086957,2006.52173913043,4.3883215924911
-0.2,0.5,0.1137,0.5,12,146,146,3,147,148,2006.47826086957,2006.52173913043,4.3883215924911
-0.2,0.5,0.1137,0.5,12,146,146,4,147,148,2006.47826086957,2006.52173913043,4.3883215924911
-0.2,0.5,0.1137,0.5,12,146,146,5,147,148,2006.47826086957,2006.52173913043,4.3883215924911
-0.2,0.5,0.1137,0.5,12,146,146,6,147,148,2006.47826086957,2006.52173913043,4.3883215924911
-0.1,0.5,0.1131,0.5,12,146,146,1,147,NA,2006.47826086957,NA,4.38917533383822
-0.1,0.5,0.1131,0.5,12,146,146,2,147,NA,2006.47826086957,NA,4.38917533383822
-0.1,0.5,0.1131,0.5,12,146,146,3,147,NA,2006.47826086957,NA,4.38917533383822
-0.1,0.5,0.1131,0.5,12,146,146,4,147,150,2006.47826086957,2006.60869565217,4.38917533383822
-0.1,0.5,0.1131,0.5,12,146,146,5,147,150,2006.47826086957,2006.60869565217,4.38917533383822
-0.1,0.5,0.1131,0.5,12,146,146,6,147,150,2006.47826086957,2006.60869565217,4.38917533383822
0,0.5,0.1131,0.5,12,146,73,1,147,NA,2006.47826086957,NA,4.47036658546754
0,0.5,0.1131,0.5,12,146,73,2,147,NA,2006.47826086957,NA,4.47036658546754
0,0.5,0.1131,0.5,12,146,73,3,147,NA,2006.47826086957,NA,4.47036658546754
0,0.5,0.1131,0.5,12,146,73,4,147,NA,2006.47826086957,NA,4.47036658546754
0,0.5,0.1131,0.5,12,146,73,5,147,NA,2006.47826086957,NA,4.47036658546754
0,0.5,0.1131,0.5,12,146,73,6,147,NA,2006.47826086957,NA,4.47036658546754
-0.5,1,0.1275,0.5,12,146,146,1,147,147,2006.47826086957,2006.47826086957,3.8944075326733
-0.5,1,0.1275,0.5,12,146,146,2,147,147,2006.47826086957,2006.47826086957,3.8944075326733
-0.5,1,0.1275,0.5,12,146,146,3,147,147,2006.47826086957,2006.47826086957,3.8944075326733
-0.5,1,0.1275,0.5,12,146,146,4,147,147,2006.47826086957,2006.47826086957,3.8944075326733
-0.5,1,0.1275,0.5,12,146,146,5,147,147,2006.47826086957,2006.47826086957,3.8944075326733
-0.5,1,0.1275,0.5,12,146,146,6,147,147,2006.47826086957,2006.47826086957,3.8944075326733
-0.4,1,0.1237,0.5,12,146,146,1,147,NA,2006.47826086957,NA,4.42059475104261
-0.4,1,0.1237,0.5,12,146,146,2,147,148,2006.47826086957,2006.52173913043,4.42059475104261
-0.4,1,0.1237,0.5,12,146,146,3,147,148,2006.47826086957,2006.52173913043,4.42059475104261
-0.4,1,0.1237,0.5,12,146,146,4,147,148,2006.47826086957,2006.52173913043,4.42059475104261
-0.4,1,0.1237,0.5,12,146,146,5,147,148,2006.47826086957,2006.52173913043,4.42059475104261
-0.4,1,0.1237,0.5,12,146,146,6,147,148,2006.47826086957,2006.52173913043,4.42059475104261
-0.3,1,0.1238,0.5,12,146,62,1,147,63,2006.47826086957,2006.47826086957,3.6264676236798
-0.3,1,0.1238,0.5,12,146,62,2,147,63,2006.47826086957,2006.47826086957,3.6264676236798
-0.3,1,0.1238,0.5,12,146,62,3,147,63,2006.47826086957,2006.47826086957,3.6264676236798
-0.3,1,0.1238,0.5,12,146,62,4,147,63,2006.47826086957,2006.47826086957,3.6264676236798
-0.3,1,0.1238,0.5,12,146,62,5,147,63,2006.47826086957,2006.47826086957,3.6264676236798
-0.3,1,0.1238,0.5,12,146,62,6,147,63,2006.47826086957,2006.47826086957,3.6264676236798
-0.2,1,0.1271,0.5,12,146,146,1,147,NA,2006.47826086957,NA,3.89330659493490
-0.2,1,0.1271,0.5,12,146,146,2,147,148,2006.47826086957,2006.52173913043,3.89330659493490
-0.2,1,0.1271,0.5,12,146,146,3,147,148,2006.47826086957,2006.52173913043,3.89330659493490
-0.2,1,0.1271,0.5,12,146,146,4,147,148,2006.47826086957,2006.52173913043,3.89330659493490
-0.2,1,0.1271,0.5,12,146,146,5,147,148,2006.47826086957,2006.52173913043,3.89330659493490
-0.2,1,0.1271,0.5,12,146,146,6,147,148,2006.47826086957,2006.52173913043,3.89330659493490
-0.1,1,0.124,0.5,12,146,146,1,147,NA,2006.47826086957,NA,4.04053404578536
-0.1,1,0.124,0.5,12,146,146,2,147,NA,2006.47826086957,NA,4.04053404578536
-0.1,1,0.124,0.5,12,146,146,3,147,NA,2006.47826086957,NA,4.04053404578536
-0.1,1,0.124,0.5,12,146,146,4,147,NA,2006.47826086957,NA,4.04053404578536
-0.1,1,0.124,0.5,12,146,146,5,147,151,2006.47826086957,2006.65217391304,4.04053404578536
-0.1,1,0.124,0.5,12,146,146,6,147,151,2006.47826086957,2006.65217391304,4.04053404578536
0,1,0.1278,0.5,12,146,146,1,147,NA,2006.47826086957,NA,3.92778085056938
0,1,0.1278,0.5,12,146,146,2,147,NA,2006.47826086957,NA,3.92778085056938
0,1,0.1278,0.5,12,146,146,3,147,NA,2006.47826086957,NA,3.92778085056938
0,1,0.1278,0.5,12,146,146,4,147,NA,2006.47826086957,NA,3.92778085056938
0,1,0.1278,0.5,12,146,146,5,147,NA,2006.47826086957,NA,3.92778085056938
0,1,0.1278,0.5,12,146,146,6,147,NA,2006.47826086957,NA,3.92778085056938
-0.5,1.5,0.1363,0.5,12,146,146,1,147,NA,2006.47826086957,NA,3.70084017474523
-0.5,1.5,0.1363,0.5,12,146,146,2,147,148,2006.47826086957,2006.52173913043,3.70084017474523
-0.5,1.5,0.1363,0.5,12,146,146,3,147,148,2006.47826086957,2006.52173913043,3.70084017474523
-0.5,1.5,0.1363,0.5,12,146,146,4,147,148,2006.47826086957,2006.52173913043,3.70084017474523
-0.5,1.5,0.1363,0.5,12,146,146,5,147,148,2006.47826086957,2006.52173913043,3.70084017474523
-0.5,1.5,0.1363,0.5,12,146,146,6,147,148,2006.47826086957,2006.52173913043,3.70084017474523
-0.4,1.5,0.141,0.5,12,146,146,1,147,NA,2006.47826086957,NA,3.55323990534173
-0.4,1.5,0.141,0.5,12,146,146,2,147,148,2006.47826086957,2006.52173913043,3.55323990534173
-0.4,1.5,0.141,0.5,12,146,146,3,147,148,2006.47826086957,2006.52173913043,3.55323990534173
-0.4,1.5,0.141,0.5,12,146,146,4,147,148,2006.47826086957,2006.52173913043,3.55323990534173
-0.4,1.5,0.141,0.5,12,146,146,5,147,148,2006.47826086957,2006.52173913043,3.55323990534173
-0.4,1.5,0.141,0.5,12,146,146,6,147,148,2006.47826086957,2006.52173913043,3.55323990534173
-0.3,1.5,0.1393,0.5,12,146,146,1,147,NA,2006.47826086957,NA,3.73255200556202
-0.3,1.5,0.1393,0.5,12,146,146,2,147,148,2006.47826086957,2006.52173913043,3.73255200556202
-0.3,1.5,0.1393,0.5,12,146,146,3,147,148,2006.47826086957,2006.52173913043,3.73255200556202
-0.3,1.5,0.1393,0.5,12,146,146,4,147,148,2006.47826086957,2006.52173913043,3.73255200556202
-0.3,1.5,0.1393,0.5,12,146,146,5,147,148,2006.47826086957,2006.52173913043,3.73255200556202
-0.3,1.5,0.1393,0.5,12,146,146,6,147,148,2006.47826086957,2006.52173913043,3.73255200556202
-0.2,1.5,0.1395,0.5,12,146,146,1,147,NA,2006.47826086957,NA,3.46192354422253
-0.2,1.5,0.1395,0.5,12,146,146,2,147,NA,2006.47826086957,NA,3.46192354422253
-0.2,1.5,0.1395,0.5,12,146,146,3,147,149,2006.47826086957,2006.56521739130,3.46192354422253
-0.2,1.5,0.1395,0.5,12,146,146,4,147,149,2006.47826086957,2006.56521739130,3.46192354422253
-0.2,1.5,0.1395,0.5,12,146,146,5,147,149,2006.47826086957,2006.56521739130,3.46192354422253
-0.2,1.5,0.1395,0.5,12,146,146,6,147,149,2006.47826086957,2006.56521739130,3.46192354422253
-0.1,1.5,0.1424,0.5,12,146,146,1,147,NA,2006.47826086957,NA,3.47710572532439
-0.1,1.5,0.1424,0.5,12,146,146,2,147,NA,2006.47826086957,NA,3.47710572532439
-0.1,1.5,0.1424,0.5,12,146,146,3,147,NA,2006.47826086957,NA,3.47710572532439
-0.1,1.5,0.1424,0.5,12,146,146,4,147,NA,2006.47826086957,NA,3.47710572532439
-0.1,1.5,0.1424,0.5,12,146,146,5,147,151,2006.47826086957,2006.65217391304,3.47710572532439
-0.1,1.5,0.1424,0.5,12,146,146,6,147,151,2006.47826086957,2006.65217391304,3.47710572532439
0,1.5,0.1334,0.5,12,146,146,1,147,NA,2006.47826086957,NA,3.36172094392782
0,1.5,0.1334,0.5,12,146,146,2,147,NA,2006.47826086957,NA,3.36172094392782
0,1.5,0.1334,0.5,12,146,146,3,147,NA,2006.47826086957,NA,3.36172094392782
0,1.5,0.1334,0.5,12,146,146,4,147,NA,2006.47826086957,NA,3.36172094392782
0,1.5,0.1334,0.5,12,146,146,5,147,NA,2006.47826086957,NA,3.36172094392782
0,1.5,0.1334,0.5,12,146,146,6,147,NA,2006.47826086957,NA,3.36172094392782
-0.5,2,0.1451,0.5,12,146,146,1,147,NA,2006.47826086957,NA,3.42418765440558
-0.5,2,0.1451,0.5,12,146,146,2,147,148,2006.47826086957,2006.52173913043,3.42418765440558
-0.5,2,0.1451,0.5,12,146,146,3,147,148,2006.47826086957,2006.52173913043,3.42418765440558
-0.5,2,0.1451,0.5,12,146,146,4,147,148,2006.47826086957,2006.52173913043,3.42418765440558
-0.5,2,0.1451,0.5,12,146,146,5,147,148,2006.47826086957,2006.52173913043,3.42418765440558
-0.5,2,0.1451,0.5,12,146,146,6,147,148,2006.47826086957,2006.52173913043,3.42418765440558
-0.4,2,0.1423,0.5,12,146,146,1,147,NA,2006.47826086957,NA,3.13633314667837
-0.4,2,0.1423,0.5,12,146,146,2,147,148,2006.47826086957,2006.52173913043,3.13633314667837
-0.4,2,0.1423,0.5,12,146,146,3,147,148,2006.47826086957,2006.52173913043,3.13633314667837
-0.4,2,0.1423,0.5,12,146,146,4,147,148,2006.47826086957,2006.52173913043,3.13633314667837
-0.4,2,0.1423,0.5,12,146,146,5,147,148,2006.47826086957,2006.52173913043,3.13633314667837
-0.4,2,0.1423,0.5,12,146,146,6,147,148,2006.47826086957,2006.52173913043,3.13633314667837
-0.3,2,0.1605,0.5,12,146,146,1,147,NA,2006.47826086957,NA,3.08663358526322
-0.3,2,0.1605,0.5,12,146,146,2,147,NA,2006.47826086957,NA,3.08663358526322
-0.3,2,0.1605,0.5,12,146,146,3,147,149,2006.47826086957,2006.56521739130,3.08663358526322
-0.3,2,0.1605,0.5,12,146,146,4,147,149,2006.47826086957,2006.56521739130,3.08663358526322
-0.3,2,0.1605,0.5,12,146,146,5,147,149,2006.47826086957,2006.56521739130,3.08663358526322
-0.3,2,0.1605,0.5,12,146,146,6,147,149,2006.47826086957,2006.56521739130,3.08663358526322
-0.2,2,0.1464,0.5,12,146,146,1,147,NA,2006.47826086957,NA,3.4803448396405
-0.2,2,0.1464,0.5,12,146,146,2,147,NA,2006.47826086957,NA,3.4803448396405
-0.2,2,0.1464,0.5,12,146,146,3,147,NA,2006.47826086957,NA,3.4803448396405
-0.2,2,0.1464,0.5,12,146,146,4,147,150,2006.47826086957,2006.60869565217,3.4803448396405
-0.2,2,0.1464,0.5,12,146,146,5,147,150,2006.47826086957,2006.60869565217,3.4803448396405
-0.2,2,0.1464,0.5,12,146,146,6,147,150,2006.47826086957,2006.60869565217,3.4803448396405
-0.1,2,0.1732,0.5,12,146,146,1,147,NA,2006.47826086957,NA,3.15384490555233
-0.1,2,0.1732,0.5,12,146,146,2,147,NA,2006.47826086957,NA,3.15384490555233
-0.1,2,0.1732,0.5,12,146,146,3,147,NA,2006.47826086957,NA,3.15384490555233
-0.1,2,0.1732,0.5,12,146,146,4,147,NA,2006.47826086957,NA,3.15384490555233
-0.1,2,0.1732,0.5,12,146,146,5,147,NA,2006.47826086957,NA,3.15384490555233
-0.1,2,0.1732,0.5,12,146,146,6,147,152,2006.47826086957,2006.69565217391,3.15384490555233
0,2,0.1494,0.5,12,146,146,1,147,NA,2006.47826086957,NA,3.20473759592783
0,2,0.1494,0.5,12,146,146,2,147,NA,2006.47826086957,NA,3.20473759592783
0,2,0.1494,0.5,12,146,146,3,147,NA,2006.47826086957,NA,3.20473759592783
0,2,0.1494,0.5,12,146,146,4,147,NA,2006.47826086957,NA,3.20473759592783
0,2,0.1494,0.5,12,146,146,5,147,NA,2006.47826086957,NA,3.20473759592783
0,2,0.1494,0.5,12,146,146,6,147,NA,2006.47826086957,NA,3.20473759592783
-0.5,2.5,0.1596,0.5,12,146,146,1,147,NA,2006.47826086957,NA,3.02880247345012
-0.5,2.5,0.1596,0.5,12,146,146,2,147,148,2006.47826086957,2006.52173913043,3.02880247345012
-0.5,2.5,0.1596,0.5,12,146,146,3,147,148,2006.47826086957,2006.52173913043,3.02880247345012
-0.5,2.5,0.1596,0.5,12,146,146,4,147,148,2006.47826086957,2006.52173913043,3.02880247345012
-0.5,2.5,0.1596,0.5,12,146,146,5,147,148,2006.47826086957,2006.52173913043,3.02880247345012
-0.5,2.5,0.1596,0.5,12,146,146,6,147,148,2006.47826086957,2006.52173913043,3.02880247345012
-0.4,2.5,0.1593,0.5,12,146,146,1,147,NA,2006.47826086957,NA,3.0605254644712
-0.4,2.5,0.1593,0.5,12,146,146,2,147,148,2006.47826086957,2006.52173913043,3.0605254644712
-0.4,2.5,0.1593,0.5,12,146,146,3,147,148,2006.47826086957,2006.52173913043,3.0605254644712
-0.4,2.5,0.1593,0.5,12,146,146,4,147,148,2006.47826086957,2006.52173913043,3.0605254644712
-0.4,2.5,0.1593,0.5,12,146,146,5,147,148,2006.47826086957,2006.52173913043,3.0605254644712
-0.4,2.5,0.1593,0.5,12,146,146,6,147,148,2006.47826086957,2006.52173913043,3.0605254644712
-0.3,2.5,0.1569,0.5,12,146,146,1,147,NA,2006.47826086957,NA,2.85267299823962
-0.3,2.5,0.1569,0.5,12,146,146,2,147,NA,2006.47826086957,NA,2.85267299823962
-0.3,2.5,0.1569,0.5,12,146,146,3,147,149,2006.47826086957,2006.56521739130,2.85267299823962
-0.3,2.5,0.1569,0.5,12,146,146,4,147,149,2006.47826086957,2006.56521739130,2.85267299823962
-0.3,2.5,0.1569,0.5,12,146,146,5,147,149,2006.47826086957,2006.56521739130,2.85267299823962
-0.3,2.5,0.1569,0.5,12,146,146,6,147,149,2006.47826086957,2006.56521739130,2.85267299823962
-0.2,2.5,0.1668,0.5,12,146,146,1,147,NA,2006.47826086957,NA,3.14602145233201
-0.2,2.5,0.1668,0.5,12,146,146,2,147,NA,2006.47826086957,NA,3.14602145233201
-0.2,2.5,0.1668,0.5,12,146,146,3,147,NA,2006.47826086957,NA,3.14602145233201
-0.2,2.5,0.1668,0.5,12,146,146,4,147,150,2006.47826086957,2006.60869565217,3.14602145233201
-0.2,2.5,0.1668,0.5,12,146,146,5,147,150,2006.47826086957,2006.60869565217,3.14602145233201
-0.2,2.5,0.1668,0.5,12,146,146,6,147,150,2006.47826086957,2006.60869565217,3.14602145233201
-0.1,2.5,0.1628,0.5,12,146,146,1,147,NA,2006.47826086957,NA,3.28436540996133
-0.1,2.5,0.1628,0.5,12,146,146,2,147,NA,2006.47826086957,NA,3.28436540996133
-0.1,2.5,0.1628,0.5,12,146,146,3,147,NA,2006.47826086957,NA,3.28436540996133
-0.1,2.5,0.1628,0.5,12,146,146,4,147,NA,2006.47826086957,NA,3.28436540996133
-0.1,2.5,0.1628,0.5,12,146,146,5,147,NA,2006.47826086957,NA,3.28436540996133
-0.1,2.5,0.1628,0.5,12,146,146,6,147,NA,2006.47826086957,NA,3.28436540996133
0,2.5,0.1643,0.5,12,146,146,1,147,NA,2006.47826086957,NA,3.12088828022084
0,2.5,0.1643,0.5,12,146,146,2,147,NA,2006.47826086957,NA,3.12088828022084
0,2.5,0.1643,0.5,12,146,146,3,147,NA,2006.47826086957,NA,3.12088828022084
0,2.5,0.1643,0.5,12,146,146,4,147,NA,2006.47826086957,NA,3.12088828022084
0,2.5,0.1643,0.5,12,146,146,5,147,NA,2006.47826086957,NA,3.12088828022084
0,2.5,0.1643,0.5,12,146,146,6,147,NA,2006.47826086957,NA,3.12088828022084
-0.5,3,0.1661,0.5,12,146,146,1,147,NA,2006.47826086957,NA,2.57343134690228
-0.5,3,0.1661,0.5,12,146,146,2,147,148,2006.47826086957,2006.52173913043,2.57343134690228
-0.5,3,0.1661,0.5,12,146,146,3,147,148,2006.47826086957,2006.52173913043,2.57343134690228
-0.5,3,0.1661,0.5,12,146,146,4,147,148,2006.47826086957,2006.52173913043,2.57343134690228
-0.5,3,0.1661,0.5,12,146,146,5,147,148,2006.47826086957,2006.52173913043,2.57343134690228
-0.5,3,0.1661,0.5,12,146,146,6,147,148,2006.47826086957,2006.52173913043,2.57343134690228
-0.4,3,0.2,0.5,12,146,146,1,147,NA,2006.47826086957,NA,2.01264978914232
-0.4,3,0.2,0.5,12,146,146,2,147,148,2006.47826086957,2006.52173913043,2.01264978914232
-0.4,3,0.2,0.5,12,146,146,3,147,148,2006.47826086957,2006.52173913043,2.01264978914232
-0.4,3,0.2,0.5,12,146,146,4,147,148,2006.47826086957,2006.52173913043,2.01264978914232
-0.4,3,0.2,0.5,12,146,146,5,147,148,2006.47826086957,2006.52173913043,2.01264978914232
-0.4,3,0.2,0.5,12,146,146,6,147,148,2006.47826086957,2006.52173913043,2.01264978914232
-0.3,3,0.1925,0.5,12,146,146,1,147,NA,2006.47826086957,NA,2.71916212450023
-0.3,3,0.1925,0.5,12,146,146,2,147,NA,2006.47826086957,NA,2.71916212450023
-0.3,3,0.1925,0.5,12,146,146,3,147,149,2006.47826086957,2006.56521739130,2.71916212450023
-0.3,3,0.1925,0.5,12,146,146,4,147,149,2006.47826086957,2006.56521739130,2.71916212450023
-0.3,3,0.1925,0.5,12,146,146,5,147,149,2006.47826086957,2006.56521739130,2.71916212450023
-0.3,3,0.1925,0.5,12,146,146,6,147,149,2006.47826086957,2006.56521739130,2.71916212450023
-0.2,3,0.1701,0.5,12,146,146,1,147,NA,2006.47826086957,NA,2.91101124999405
-0.2,3,0.1701,0.5,12,146,146,2,147,NA,2006.47826086957,NA,2.91101124999405
-0.2,3,0.1701,0.5,12,146,146,3,147,NA,2006.47826086957,NA,2.91101124999405
-0.2,3,0.1701,0.5,12,146,146,4,147,150,2006.47826086957,2006.60869565217,2.91101124999405
-0.2,3,0.1701,0.5,12,146,146,5,147,150,2006.47826086957,2006.60869565217,2.91101124999405
-0.2,3,0.1701,0.5,12,146,146,6,147,150,2006.47826086957,2006.60869565217,2.91101124999405
-0.1,3,0.1959,0.5,12,146,146,1,147,NA,2006.47826086957,NA,2.56383729792102
-0.1,3,0.1959,0.5,12,146,146,2,147,NA,2006.47826086957,NA,2.56383729792102
-0.1,3,0.1959,0.5,12,146,146,3,147,NA,2006.47826086957,NA,2.56383729792102
-0.1,3,0.1959,0.5,12,146,146,4,147,NA,2006.47826086957,NA,2.56383729792102
-0.1,3,0.1959,0.5,12,146,146,5,147,NA,2006.47826086957,NA,2.56383729792102
-0.1,3,0.1959,0.5,12,146,146,6,147,NA,2006.47826086957,NA,2.56383729792102
0,3,0.1723,0.5,12,146,146,1,147,NA,2006.47826086957,NA,3.1796547583334
0,3,0.1723,0.5,12,146,146,2,147,NA,2006.47826086957,NA,3.1796547583334
0,3,0.1723,0.5,12,146,146,3,147,NA,2006.47826086957,NA,3.1796547583334
0,3,0.1723,0.5,12,146,146,4,147,NA,2006.47826086957,NA,3.1796547583334
0,3,0.1723,0.5,12,146,146,5,147,NA,2006.47826086957,NA,3.1796547583334
0,3,0.1723,0.5,12,146,146,6,147,NA,2006.47826086957,NA,3.1796547583334
-0.5,3.5,0.1952,0.5,12,146,146,1,147,NA,2006.47826086957,NA,2.66887565434593
-0.5,3.5,0.1952,0.5,12,146,146,2,147,148,2006.47826086957,2006.52173913043,2.66887565434593
-0.5,3.5,0.1952,0.5,12,146,146,3,147,148,2006.47826086957,2006.52173913043,2.66887565434593
-0.5,3.5,0.1952,0.5,12,146,146,4,147,148,2006.47826086957,2006.52173913043,2.66887565434593
-0.5,3.5,0.1952,0.5,12,146,146,5,147,148,2006.47826086957,2006.52173913043,2.66887565434593
-0.5,3.5,0.1952,0.5,12,146,146,6,147,148,2006.47826086957,2006.52173913043,2.66887565434593
-0.4,3.5,0.1889,0.5,12,146,146,1,147,NA,2006.47826086957,NA,2.05182690322425
-0.4,3.5,0.1889,0.5,12,146,146,2,147,NA,2006.47826086957,NA,2.05182690322425
-0.4,3.5,0.1889,0.5,12,146,146,3,147,149,2006.47826086957,2006.56521739130,2.05182690322425
-0.4,3.5,0.1889,0.5,12,146,146,4,147,149,2006.47826086957,2006.56521739130,2.05182690322425
-0.4,3.5,0.1889,0.5,12,146,146,5,147,149,2006.47826086957,2006.56521739130,2.05182690322425
-0.4,3.5,0.1889,0.5,12,146,146,6,147,149,2006.47826086957,2006.56521739130,2.05182690322425
-0.3,3.5,0.1767,0.5,12,146,146,1,147,NA,2006.47826086957,NA,2.90139268149310
-0.3,3.5,0.1767,0.5,12,146,146,2,147,NA,2006.47826086957,NA,2.90139268149310
-0.3,3.5,0.1767,0.5,12,146,146,3,147,NA,2006.47826086957,NA,2.90139268149310
-0.3,3.5,0.1767,0.5,12,146,146,4,147,150,2006.47826086957,2006.60869565217,2.90139268149310
-0.3,3.5,0.1767,0.5,12,146,146,5,147,150,2006.47826086957,2006.60869565217,2.90139268149310
-0.3,3.5,0.1767,0.5,12,146,146,6,147,150,2006.47826086957,2006.60869565217,2.90139268149310
-0.2,3.5,0.1863,0.5,12,146,146,1,147,NA,2006.47826086957,NA,2.7854154744312
-0.2,3.5,0.1863,0.5,12,146,146,2,147,NA,2006.47826086957,NA,2.7854154744312
-0.2,3.5,0.1863,0.5,12,146,146,3,147,NA,2006.47826086957,NA,2.7854154744312
-0.2,3.5,0.1863,0.5,12,146,146,4,147,NA,2006.47826086957,NA,2.7854154744312
-0.2,3.5,0.1863,0.5,12,146,146,5,147,NA,2006.47826086957,NA,2.7854154744312
-0.2,3.5,0.1863,0.5,12,146,146,6,147,152,2006.47826086957,2006.69565217391,2.7854154744312
-0.1,3.5,0.1984,0.5,12,146,146,1,147,NA,2006.47826086957,NA,2.32870194186968
-0.1,3.5,0.1984,0.5,12,146,146,2,147,NA,2006.47826086957,NA,2.32870194186968
-0.1,3.5,0.1984,0.5,12,146,146,3,147,NA,2006.47826086957,NA,2.32870194186968
-0.1,3.5,0.1984,0.5,12,146,146,4,147,NA,2006.47826086957,NA,2.32870194186968
-0.1,3.5,0.1984,0.5,12,146,146,5,147,NA,2006.47826086957,NA,2.32870194186968
-0.1,3.5,0.1984,0.5,12,146,146,6,147,NA,2006.47826086957,NA,2.32870194186968
0,3.5,0.2108,0.5,12,146,146,1,147,NA,2006.47826086957,NA,2.12070323124826
0,3.5,0.2108,0.5,12,146,146,2,147,NA,2006.47826086957,NA,2.12070323124826
0,3.5,0.2108,0.5,12,146,146,3,147,NA,2006.47826086957,NA,2.12070323124826
0,3.5,0.2108,0.5,12,146,146,4,147,NA,2006.47826086957,NA,2.12070323124826
0,3.5,0.2108,0.5,12,146,146,5,147,NA,2006.47826086957,NA,2.12070323124826
0,3.5,0.2108,0.5,12,146,146,6,147,NA,2006.47826086957,NA,2.12070323124826
-0.5,4,0.2239,0.5,12,146,146,1,147,NA,2006.47826086957,NA,2.16872452087102
-0.5,4,0.2239,0.5,12,146,146,2,147,NA,2006.47826086957,NA,2.16872452087102
-0.5,4,0.2239,0.5,12,146,146,3,147,149,2006.47826086957,2006.56521739130,2.16872452087102
-0.5,4,0.2239,0.5,12,146,146,4,147,149,2006.47826086957,2006.56521739130,2.16872452087102
-0.5,4,0.2239,0.5,12,146,146,5,147,149,2006.47826086957,2006.56521739130,2.16872452087102
-0.5,4,0.2239,0.5,12,146,146,6,147,149,2006.47826086957,2006.56521739130,2.16872452087102
-0.4,4,0.2154,0.5,12,146,146,1,147,NA,2006.47826086957,NA,2.31686441995191
-0.4,4,0.2154,0.5,12,146,146,2,147,NA,2006.47826086957,NA,2.31686441995191
-0.4,4,0.2154,0.5,12,146,146,3,147,149,2006.47826086957,2006.56521739130,2.31686441995191
-0.4,4,0.2154,0.5,12,146,146,4,147,149,2006.47826086957,2006.56521739130,2.31686441995191
-0.4,4,0.2154,0.5,12,146,146,5,147,149,2006.47826086957,2006.56521739130,2.31686441995191
-0.4,4,0.2154,0.5,12,146,146,6,147,149,2006.47826086957,2006.56521739130,2.31686441995191
-0.3,4,0.1977,0.5,12,146,146,1,147,NA,2006.47826086957,NA,2.41286135346698
-0.3,4,0.1977,0.5,12,146,146,2,147,NA,2006.47826086957,NA,2.41286135346698
-0.3,4,0.1977,0.5,12,146,146,3,147,149,2006.47826086957,2006.56521739130,2.41286135346698
-0.3,4,0.1977,0.5,12,146,146,4,147,149,2006.47826086957,2006.56521739130,2.41286135346698
-0.3,4,0.1977,0.5,12,146,146,5,147,149,2006.47826086957,2006.56521739130,2.41286135346698
-0.3,4,0.1977,0.5,12,146,146,6,147,149,2006.47826086957,2006.56521739130,2.41286135346698
-0.2,4,0.1984,0.5,12,146,146,1,147,NA,2006.47826086957,NA,2.40380894661314
-0.2,4,0.1984,0.5,12,146,146,2,147,NA,2006.47826086957,NA,2.40380894661314
-0.2,4,0.1984,0.5,12,146,146,3,147,NA,2006.47826086957,NA,2.40380894661314
-0.2,4,0.1984,0.5,12,146,146,4,147,NA,2006.47826086957,NA,2.40380894661314
-0.2,4,0.1984,0.5,12,146,146,5,147,NA,2006.47826086957,NA,2.40380894661314
-0.2,4,0.1984,0.5,12,146,146,6,147,NA,2006.47826086957,NA,2.40380894661314
-0.1,4,0.2843,0.5,12,146,146,1,147,NA,2006.47826086957,NA,2.03077375601274
-0.1,4,0.2843,0.5,12,146,146,2,147,NA,2006.47826086957,NA,2.03077375601274
-0.1,4,0.2843,0.5,12,146,146,3,147,NA,2006.47826086957,NA,2.03077375601274
-0.1,4,0.2843,0.5,12,146,146,4,147,NA,2006.47826086957,NA,2.03077375601274
-0.1,4,0.2843,0.5,12,146,146,5,147,NA,2006.47826086957,NA,2.03077375601274
-0.1,4,0.2843,0.5,12,146,146,6,147,NA,2006.47826086957,NA,2.03077375601274
0,4,0.2196,0.5,12,146,146,1,147,NA,2006.47826086957,NA,2.54814319821916
0,4,0.2196,0.5,12,146,146,2,147,NA,2006.47826086957,NA,2.54814319821916
0,4,0.2196,0.5,12,146,146,3,147,NA,2006.47826086957,NA,2.54814319821916
0,4,0.2196,0.5,12,146,146,4,147,NA,2006.47826086957,NA,2.54814319821916
0,4,0.2196,0.5,12,146,146,5,147,NA,2006.47826086957,NA,2.54814319821916
0,4,0.2196,0.5,12,146,146,6,147,NA,2006.47826086957,NA,2.54814319821916
-0.5,4.5,0.2385,0.5,12,146,146,1,147,NA,2006.47826086957,NA,2.05965097141467
-0.5,4.5,0.2385,0.5,12,146,146,2,147,148,2006.47826086957,2006.52173913043,2.05965097141467
-0.5,4.5,0.2385,0.5,12,146,146,3,147,148,2006.47826086957,2006.52173913043,2.05965097141467
-0.5,4.5,0.2385,0.5,12,146,146,4,147,148,2006.47826086957,2006.52173913043,2.05965097141467
-0.5,4.5,0.2385,0.5,12,146,146,5,147,148,2006.47826086957,2006.52173913043,2.05965097141467
-0.5,4.5,0.2385,0.5,12,146,146,6,147,148,2006.47826086957,2006.52173913043,2.05965097141467
-0.4,4.5,0.2474,0.5,12,146,146,1,147,NA,2006.47826086957,NA,2.08955700048739
-0.4,4.5,0.2474,0.5,12,146,146,2,147,NA,2006.47826086957,NA,2.08955700048739
-0.4,4.5,0.2474,0.5,12,146,146,3,147,149,2006.47826086957,2006.56521739130,2.08955700048739
-0.4,4.5,0.2474,0.5,12,146,146,4,147,149,2006.47826086957,2006.56521739130,2.08955700048739
-0.4,4.5,0.2474,0.5,12,146,146,5,147,149,2006.47826086957,2006.56521739130,2.08955700048739
-0.4,4.5,0.2474,0.5,12,146,146,6,147,149,2006.47826086957,2006.56521739130,2.08955700048739
-0.3,4.5,0.2292,0.5,12,146,146,1,147,NA,2006.47826086957,NA,2.33435655376314
-0.3,4.5,0.2292,0.5,12,146,146,2,147,NA,2006.47826086957,NA,2.33435655376314
-0.3,4.5,0.2292,0.5,12,146,146,3,147,149,2006.47826086957,2006.56521739130,2.33435655376314
-0.3,4.5,0.2292,0.5,12,146,146,4,147,149,2006.47826086957,2006.56521739130,2.33435655376314
-0.3,4.5,0.2292,0.5,12,146,146,5,147,149,2006.47826086957,2006.56521739130,2.33435655376314
-0.3,4.5,0.2292,0.5,12,146,146,6,147,149,2006.47826086957,2006.56521739130,2.33435655376314
-0.2,4.5,0.299,0.5,12,146,146,1,147,NA,2006.47826086957,NA,2.00993134430016
-0.2,4.5,0.299,0.5,12,146,146,2,147,NA,2006.47826086957,NA,2.00993134430016
-0.2,4.5,0.299,0.5,12,146,146,3,147,NA,2006.47826086957,NA,2.00993134430016
-0.2,4.5,0.299,0.5,12,146,146,4,147,NA,2006.47826086957,NA,2.00993134430016
-0.2,4.5,0.299,0.5,12,146,146,5,147,NA,2006.47826086957,NA,2.00993134430016
-0.2,4.5,0.299,0.5,12,146,146,6,147,NA,2006.47826086957,NA,2.00993134430016
-0.1,4.5,0.2311,0.5,12,146,146,1,147,NA,2006.47826086957,NA,2.00573166893427
-0.1,4.5,0.2311,0.5,12,146,146,2,147,NA,2006.47826086957,NA,2.00573166893427
-0.1,4.5,0.2311,0.5,12,146,146,3,147,NA,2006.47826086957,NA,2.00573166893427
-0.1,4.5,0.2311,0.5,12,146,146,4,147,NA,2006.47826086957,NA,2.00573166893427
-0.1,4.5,0.2311,0.5,12,146,146,5,147,NA,2006.47826086957,NA,2.00573166893427
-0.1,4.5,0.2311,0.5,12,146,146,6,147,NA,2006.47826086957,NA,2.00573166893427
0,4.5,0.2148,0.5,12,146,146,1,147,NA,2006.47826086957,NA,2.10558148131472
0,4.5,0.2148,0.5,12,146,146,2,147,NA,2006.47826086957,NA,2.10558148131472
0,4.5,0.2148,0.5,12,146,146,3,147,NA,2006.47826086957,NA,2.10558148131472
0,4.5,0.2148,0.5,12,146,146,4,147,NA,2006.47826086957,NA,2.10558148131472
0,4.5,0.2148,0.5,12,146,146,5,147,NA,2006.47826086957,NA,2.10558148131472
0,4.5,0.2148,0.5,12,146,146,6,147,NA,2006.47826086957,NA,2.10558148131472
-0.5,5,0.2961,0.5,12,146,146,1,147,NA,2006.47826086957,NA,1.78877696549108
-0.5,5,0.2961,0.5,12,146,146,2,147,NA,2006.47826086957,NA,1.78877696549108
-0.5,5,0.2961,0.5,12,146,146,3,147,149,2006.47826086957,2006.56521739130,1.78877696549108
-0.5,5,0.2961,0.5,12,146,146,4,147,149,2006.47826086957,2006.56521739130,1.78877696549108
-0.5,5,0.2961,0.5,12,146,146,5,147,149,2006.47826086957,2006.56521739130,1.78877696549108
-0.5,5,0.2961,0.5,12,146,146,6,147,149,2006.47826086957,2006.56521739130,1.78877696549108
-0.4,5,0.2056,0.5,12,146,146,1,147,NA,2006.47826086957,NA,2.34529338451263
-0.4,5,0.2056,0.5,12,146,146,2,147,NA,2006.47826086957,NA,2.34529338451263
-0.4,5,0.2056,0.5,12,146,146,3,147,149,2006.47826086957,2006.56521739130,2.34529338451263
-0.4,5,0.2056,0.5,12,146,146,4,147,149,2006.47826086957,2006.56521739130,2.34529338451263
-0.4,5,0.2056,0.5,12,146,146,5,147,149,2006.47826086957,2006.56521739130,2.34529338451263
-0.4,5,0.2056,0.5,12,146,146,6,147,149,2006.47826086957,2006.56521739130,2.34529338451263
-0.3,5,0.2729,0.5,12,146,146,1,147,NA,2006.47826086957,NA,1.73799042504644
-0.3,5,0.2729,0.5,12,146,146,2,147,NA,2006.47826086957,NA,1.73799042504644
-0.3,5,0.2729,0.5,12,146,146,3,147,NA,2006.47826086957,NA,1.73799042504644
-0.3,5,0.2729,0.5,12,146,146,4,147,150,2006.47826086957,2006.60869565217,1.73799042504644
-0.3,5,0.2729,0.5,12,146,146,5,147,150,2006.47826086957,2006.60869565217,1.73799042504644
-0.3,5,0.2729,0.5,12,146,146,6,147,150,2006.47826086957,2006.60869565217,1.73799042504644
-0.2,5,0.3037,0.5,12,146,91,1,147,NA,2006.47826086957,NA,2.09359253729765
-0.2,5,0.3037,0.5,12,146,91,2,147,NA,2006.47826086957,NA,2.09359253729765
-0.2,5,0.3037,0.5,12,146,91,3,147,NA,2006.47826086957,NA,2.09359253729765
-0.2,5,0.3037,0.5,12,146,91,4,147,NA,2006.47826086957,NA,2.09359253729765
-0.2,5,0.3037,0.5,12,146,91,5,147,NA,2006.47826086957,NA,2.09359253729765
-0.2,5,0.3037,0.5,12,146,91,6,147,NA,2006.47826086957,NA,2.09359253729765
-0.1,5,0.2284,0.5,12,146,146,1,147,NA,2006.47826086957,NA,2.24382107896912
-0.1,5,0.2284,0.5,12,146,146,2,147,NA,2006.47826086957,NA,2.24382107896912
-0.1,5,0.2284,0.5,12,146,146,3,147,NA,2006.47826086957,NA,2.24382107896912
-0.1,5,0.2284,0.5,12,146,146,4,147,NA,2006.47826086957,NA,2.24382107896912
-0.1,5,0.2284,0.5,12,146,146,5,147,NA,2006.47826086957,NA,2.24382107896912
-0.1,5,0.2284,0.5,12,146,146,6,147,NA,2006.47826086957,NA,2.24382107896912
0,5,0.2837,0.5,12,146,146,1,147,NA,2006.47826086957,NA,2.15776642376768
0,5,0.2837,0.5,12,146,146,2,147,NA,2006.47826086957,NA,2.15776642376768
0,5,0.2837,0.5,12,146,146,3,147,NA,2006.47826086957,NA,2.15776642376768
0,5,0.2837,0.5,12,146,146,4,147,NA,2006.47826086957,NA,2.15776642376768
0,5,0.2837,0.5,12,146,146,5,147,NA,2006.47826086957,NA,2.15776642376768
0,5,0.2837,0.5,12,146,146,6,147,NA,2006.47826086957,NA,2.15776642376768
-0.5,5.5,0.2896,0.5,12,146,146,1,147,NA,2006.47826086957,NA,2.22910721593516
-0.5,5.5,0.2896,0.5,12,146,146,2,147,NA,2006.47826086957,NA,2.22910721593516
-0.5,5.5,0.2896,0.5,12,146,146,3,147,149,2006.47826086957,2006.56521739130,2.22910721593516
-0.5,5.5,0.2896,0.5,12,146,146,4,147,149,2006.47826086957,2006.56521739130,2.22910721593516
-0.5,5.5,0.2896,0.5,12,146,146,5,147,149,2006.47826086957,2006.56521739130,2.22910721593516
-0.5,5.5,0.2896,0.5,12,146,146,6,147,149,2006.47826086957,2006.56521739130,2.22910721593516
-0.4,5.5,0.3085,0.5,12,146,146,1,147,NA,2006.47826086957,NA,1.67632451025487
-0.4,5.5,0.3085,0.5,12,146,146,2,147,NA,2006.47826086957,NA,1.67632451025487
-0.4,5.5,0.3085,0.5,12,146,146,3,147,149,2006.47826086957,2006.56521739130,1.67632451025487
-0.4,5.5,0.3085,0.5,12,146,146,4,147,149,2006.47826086957,2006.56521739130,1.67632451025487
-0.4,5.5,0.3085,0.5,12,146,146,5,147,149,2006.47826086957,2006.56521739130,1.67632451025487
-0.4,5.5,0.3085,0.5,12,146,146,6,147,149,2006.47826086957,2006.56521739130,1.67632451025487
-0.3,5.5,0.2796,0.5,12,146,146,1,147,NA,2006.47826086957,NA,1.66170496922243
-0.3,5.5,0.2796,0.5,12,146,146,2,147,NA,2006.47826086957,NA,1.66170496922243
-0.3,5.5,0.2796,0.5,12,146,146,3,147,NA,2006.47826086957,NA,1.66170496922243
-0.3,5.5,0.2796,0.5,12,146,146,4,147,150,2006.47826086957,2006.60869565217,1.66170496922243
-0.3,5.5,0.2796,0.5,12,146,146,5,147,150,2006.47826086957,2006.60869565217,1.66170496922243
-0.3,5.5,0.2796,0.5,12,146,146,6,147,150,2006.47826086957,2006.60869565217,1.66170496922243
-0.2,5.5,0.3263,0.5,12,146,146,1,147,NA,2006.47826086957,NA,2.19835778230329
-0.2,5.5,0.3263,0.5,12,146,146,2,147,NA,2006.47826086957,NA,2.19835778230329
-0.2,5.5,0.3263,0.5,12,146,146,3,147,NA,2006.47826086957,NA,2.19835778230329
-0.2,5.5,0.3263,0.5,12,146,146,4,147,NA,2006.47826086957,NA,2.19835778230329
-0.2,5.5,0.3263,0.5,12,146,146,5,147,NA,2006.47826086957,NA,2.19835778230329
-0.2,5.5,0.3263,0.5,12,146,146,6,147,NA,2006.47826086957,NA,2.19835778230329
-0.1,5.5,0.2875,0.5,12,146,146,1,147,NA,2006.47826086957,NA,1.75768312479949
-0.1,5.5,0.2875,0.5,12,146,146,2,147,NA,2006.47826086957,NA,1.75768312479949
-0.1,5.5,0.2875,0.5,12,146,146,3,147,NA,2006.47826086957,NA,1.75768312479949
-0.1,5.5,0.2875,0.5,12,146,146,4,147,NA,2006.47826086957,NA,1.75768312479949
-0.1,5.5,0.2875,0.5,12,146,146,5,147,NA,2006.47826086957,NA,1.75768312479949
-0.1,5.5,0.2875,0.5,12,146,146,6,147,NA,2006.47826086957,NA,1.75768312479949
0,5.5,0.2622,0.5,12,146,146,1,147,NA,2006.47826086957,NA,1.64719533791414
0,5.5,0.2622,0.5,12,146,146,2,147,NA,2006.47826086957,NA,1.64719533791414
0,5.5,0.2622,0.5,12,146,146,3,147,NA,2006.47826086957,NA,1.64719533791414
0,5.5,0.2622,0.5,12,146,146,4,147,NA,2006.47826086957,NA,1.64719533791414
0,5.5,0.2622,0.5,12,146,146,5,147,NA,2006.47826086957,NA,1.64719533791414
0,5.5,0.2622,0.5,12,146,146,6,147,NA,2006.47826086957,NA,1.64719533791414
-0.5,6,0.2875,0.5,12,146,146,1,147,NA,2006.47826086957,NA,1.99737932790299
-0.5,6,0.2875,0.5,12,146,146,2,147,NA,2006.47826086957,NA,1.99737932790299
-0.5,6,0.2875,0.5,12,146,146,3,147,NA,2006.47826086957,NA,1.99737932790299
-0.5,6,0.2875,0.5,12,146,146,4,147,150,2006.47826086957,2006.60869565217,1.99737932790299
-0.5,6,0.2875,0.5,12,146,146,5,147,150,2006.47826086957,2006.60869565217,1.99737932790299
-0.5,6,0.2875,0.5,12,146,146,6,147,150,2006.47826086957,2006.60869565217,1.99737932790299
-0.4,6,0.3289,0.5,12,146,146,1,147,NA,2006.47826086957,NA,1.62316980590849
-0.4,6,0.3289,0.5,12,146,146,2,147,NA,2006.47826086957,NA,1.62316980590849
-0.4,6,0.3289,0.5,12,146,146,3,147,NA,2006.47826086957,NA,1.62316980590849
-0.4,6,0.3289,0.5,12,146,146,4,147,150,2006.47826086957,2006.60869565217,1.62316980590849
-0.4,6,0.3289,0.5,12,146,146,5,147,150,2006.47826086957,2006.60869565217,1.62316980590849
-0.4,6,0.3289,0.5,12,146,146,6,147,150,2006.47826086957,2006.60869565217,1.62316980590849
-0.3,6,0.3217,0.5,12,146,146,1,147,NA,2006.47826086957,NA,1.79124568364995
-0.3,6,0.3217,0.5,12,146,146,2,147,NA,2006.47826086957,NA,1.79124568364995
-0.3,6,0.3217,0.5,12,146,146,3,147,NA,2006.47826086957,NA,1.79124568364995
-0.3,6,0.3217,0.5,12,146,146,4,147,NA,2006.47826086957,NA,1.79124568364995
-0.3,6,0.3217,0.5,12,146,146,5,147,151,2006.47826086957,2006.65217391304,1.79124568364995
-0.3,6,0.3217,0.5,12,146,146,6,147,151,2006.47826086957,2006.65217391304,1.79124568364995
-0.2,6,0.2726,0.5,12,146,146,1,147,NA,2006.47826086957,NA,2.15229329051353
-0.2,6,0.2726,0.5,12,146,146,2,147,NA,2006.47826086957,NA,2.15229329051353
-0.2,6,0.2726,0.5,12,146,146,3,147,NA,2006.47826086957,NA,2.15229329051353
-0.2,6,0.2726,0.5,12,146,146,4,147,NA,2006.47826086957,NA,2.15229329051353
-0.2,6,0.2726,0.5,12,146,146,5,147,NA,2006.47826086957,NA,2.15229329051353
-0.2,6,0.2726,0.5,12,146,146,6,147,NA,2006.47826086957,NA,2.15229329051353
-0.1,6,0.3492,0.5,12,146,121,1,147,NA,2006.47826086957,NA,1.57605549041493
-0.1,6,0.3492,0.5,12,146,121,2,147,NA,2006.47826086957,NA,1.57605549041493
-0.1,6,0.3492,0.5,12,146,121,3,147,NA,2006.47826086957,NA,1.57605549041493
-0.1,6,0.3492,0.5,12,146,121,4,147,NA,2006.47826086957,NA,1.57605549041493
-0.1,6,0.3492,0.5,12,146,121,5,147,NA,2006.47826086957,NA,1.57605549041493
-0.1,6,0.3492,0.5,12,146,121,6,147,NA,2006.47826086957,NA,1.57605549041493
0,6,0.3379,0.5,12,146,146,1,147,NA,2006.47826086957,NA,1.60076193506552
0,6,0.3379,0.5,12,146,146,2,147,NA,2006.47826086957,NA,1.60076193506552
0,6,0.3379,0.5,12,146,146,3,147,NA,2006.47826086957,NA,1.60076193506552
0,6,0.3379,0.5,12,146,146,4,147,NA,2006.47826086957,NA,1.60076193506552
0,6,0.3379,0.5,12,146,146,5,147,NA,2006.47826086957,NA,1.60076193506552
0,6,0.3379,0.5,12,146,146,6,147,NA,2006.47826086957,NA,1.60076193506552
-0.5,6.5,0.3859,0.5,12,146,100,1,147,NA,2006.47826086957,NA,1.28937334581753
-0.5,6.5,0.3859,0.5,12,146,100,2,147,NA,2006.47826086957,NA,1.28937334581753
-0.5,6.5,0.3859,0.5,12,146,100,3,147,103,2006.47826086957,2006.56521739130,1.28937334581753
-0.5,6.5,0.3859,0.5,12,146,100,4,147,103,2006.47826086957,2006.56521739130,1.28937334581753
-0.5,6.5,0.3859,0.5,12,146,100,5,147,103,2006.47826086957,2006.56521739130,1.28937334581753
-0.5,6.5,0.3859,0.5,12,146,100,6,147,103,2006.47826086957,2006.56521739130,1.28937334581753
-0.4,6.5,0.2715,0.5,12,146,146,1,147,NA,2006.47826086957,NA,1.91233968915388
-0.4,6.5,0.2715,0.5,12,146,146,2,147,NA,2006.47826086957,NA,1.91233968915388
-0.4,6.5,0.2715,0.5,12,146,146,3,147,NA,2006.47826086957,NA,1.91233968915388
-0.4,6.5,0.2715,0.5,12,146,146,4,147,150,2006.47826086957,2006.60869565217,1.91233968915388
-0.4,6.5,0.2715,0.5,12,146,146,5,147,150,2006.47826086957,2006.60869565217,1.91233968915388
-0.4,6.5,0.2715,0.5,12,146,146,6,147,150,2006.47826086957,2006.60869565217,1.91233968915388
-0.3,6.5,0.3249,0.5,12,146,146,1,147,NA,2006.47826086957,NA,1.37279668346030
-0.3,6.5,0.3249,0.5,12,146,146,2,147,NA,2006.47826086957,NA,1.37279668346030
-0.3,6.5,0.3249,0.5,12,146,146,3,147,NA,2006.47826086957,NA,1.37279668346030
-0.3,6.5,0.3249,0.5,12,146,146,4,147,NA,2006.47826086957,NA,1.37279668346030
-0.3,6.5,0.3249,0.5,12,146,146,5,147,NA,2006.47826086957,NA,1.37279668346030
-0.3,6.5,0.3249,0.5,12,146,146,6,147,NA,2006.47826086957,NA,1.37279668346030
-0.2,6.5,0.3324,0.5,12,146,146,1,147,NA,2006.47826086957,NA,1.47016531827371
-0.2,6.5,0.3324,0.5,12,146,146,2,147,NA,2006.47826086957,NA,1.47016531827371
-0.2,6.5,0.3324,0.5,12,146,146,3,147,NA,2006.47826086957,NA,1.47016531827371
-0.2,6.5,0.3324,0.5,12,146,146,4,147,NA,2006.47826086957,NA,1.47016531827371
-0.2,6.5,0.3324,0.5,12,146,146,5,147,NA,2006.47826086957,NA,1.47016531827371
-0.2,6.5,0.3324,0.5,12,146,146,6,147,NA,2006.47826086957,NA,1.47016531827371
-0.1,6.5,0.4205,0.5,12,146,146,1,147,NA,2006.47826086957,NA,1.24007416659016
-0.1,6.5,0.4205,0.5,12,146,146,2,147,NA,2006.47826086957,NA,1.24007416659016
-0.1,6.5,0.4205,0.5,12,146,146,3,147,NA,2006.47826086957,NA,1.24007416659016
-0.1,6.5,0.4205,0.5,12,146,146,4,147,NA,2006.47826086957,NA,1.24007416659016
-0.1,6.5,0.4205,0.5,12,146,146,5,147,NA,2006.47826086957,NA,1.24007416659016
-0.1,6.5,0.4205,0.5,12,146,146,6,147,NA,2006.47826086957,NA,1.24007416659016
0,6.5,0.3736,0.5,12,146,146,1,147,NA,2006.47826086957,NA,2.02485301586647
0,6.5,0.3736,0.5,12,146,146,2,147,NA,2006.47826086957,NA,2.02485301586647
0,6.5,0.3736,0.5,12,146,146,3,147,NA,2006.47826086957,NA,2.02485301586647
0,6.5,0.3736,0.5,12,146,146,4,147,NA,2006.47826086957,NA,2.02485301586647
0,6.5,0.3736,0.5,12,146,146,5,147,NA,2006.47826086957,NA,2.02485301586647
0,6.5,0.3736,0.5,12,146,146,6,147,NA,2006.47826086957,NA,2.02485301586647
-0.5,7,0.3589,0.5,12,146,146,1,147,NA,2006.47826086957,NA,2.05378059572212
-0.5,7,0.3589,0.5,12,146,146,2,147,NA,2006.47826086957,NA,2.05378059572212
-0.5,7,0.3589,0.5,12,146,146,3,147,149,2006.47826086957,2006.56521739130,2.05378059572212
-0.5,7,0.3589,0.5,12,146,146,4,147,149,2006.47826086957,2006.56521739130,2.05378059572212
-0.5,7,0.3589,0.5,12,146,146,5,147,149,2006.47826086957,2006.56521739130,2.05378059572212
-0.5,7,0.3589,0.5,12,146,146,6,147,149,2006.47826086957,2006.56521739130,2.05378059572212
-0.4,7,0.4165,0.5,12,146,146,1,147,NA,2006.47826086957,NA,1.42668886570686
-0.4,7,0.4165,0.5,12,146,146,2,147,NA,2006.47826086957,NA,1.42668886570686
-0.4,7,0.4165,0.5,12,146,146,3,147,NA,2006.47826086957,NA,1.42668886570686
-0.4,7,0.4165,0.5,12,146,146,4,147,NA,2006.47826086957,NA,1.42668886570686
-0.4,7,0.4165,0.5,12,146,146,5,147,151,2006.47826086957,2006.65217391304,1.42668886570686
-0.4,7,0.4165,0.5,12,146,146,6,147,151,2006.47826086957,2006.65217391304,1.42668886570686
-0.3,7,0.3177,0.5,12,146,146,1,147,NA,2006.47826086957,NA,1.96124974282688
-0.3,7,0.3177,0.5,12,146,146,2,147,NA,2006.47826086957,NA,1.96124974282688
-0.3,7,0.3177,0.5,12,146,146,3,147,NA,2006.47826086957,NA,1.96124974282688
-0.3,7,0.3177,0.5,12,146,146,4,147,NA,2006.47826086957,NA,1.96124974282688
-0.3,7,0.3177,0.5,12,146,146,5,147,NA,2006.47826086957,NA,1.96124974282688
-0.3,7,0.3177,0.5,12,146,146,6,147,NA,2006.47826086957,NA,1.96124974282688
-0.2,7,0.4221,0.5,12,146,146,1,147,NA,2006.47826086957,NA,1.63577174644937
-0.2,7,0.4221,0.5,12,146,146,2,147,NA,2006.47826086957,NA,1.63577174644937
-0.2,7,0.4221,0.5,12,146,146,3,147,NA,2006.47826086957,NA,1.63577174644937
-0.2,7,0.4221,0.5,12,146,146,4,147,NA,2006.47826086957,NA,1.63577174644937
-0.2,7,0.4221,0.5,12,146,146,5,147,NA,2006.47826086957,NA,1.63577174644937
-0.2,7,0.4221,0.5,12,146,146,6,147,NA,2006.47826086957,NA,1.63577174644937
-0.1,7,0.433,0.5,12,146,97,1,147,NA,2006.47826086957,NA,1.30531480309301
-0.1,7,0.433,0.5,12,146,97,2,147,NA,2006.47826086957,NA,1.30531480309301
-0.1,7,0.433,0.5,12,146,97,3,147,NA,2006.47826086957,NA,1.30531480309301
-0.1,7,0.433,0.5,12,146,97,4,147,NA,2006.47826086957,NA,1.30531480309301
-0.1,7,0.433,0.5,12,146,97,5,147,NA,2006.47826086957,NA,1.30531480309301
-0.1,7,0.433,0.5,12,146,97,6,147,NA,2006.47826086957,NA,1.30531480309301
0,7,0.4251,0.5,12,146,146,1,147,NA,2006.47826086957,NA,1.70564983215177
0,7,0.4251,0.5,12,146,146,2,147,NA,2006.47826086957,NA,1.70564983215177
0,7,0.4251,0.5,12,146,146,3,147,NA,2006.47826086957,NA,1.70564983215177
0,7,0.4251,0.5,12,146,146,4,147,NA,2006.47826086957,NA,1.70564983215177
0,7,0.4251,0.5,12,146,146,5,147,NA,2006.47826086957,NA,1.70564983215177
0,7,0.4251,0.5,12,146,146,6,147,NA,2006.47826086957,NA,1.70564983215177
-0.5,7.5,0.5014,0.5,12,146,146,1,147,NA,2006.47826086957,NA,1.10865027400824
-0.5,7.5,0.5014,0.5,12,146,146,2,147,NA,2006.47826086957,NA,1.10865027400824
-0.5,7.5,0.5014,0.5,12,146,146,3,147,NA,2006.47826086957,NA,1.10865027400824
-0.5,7.5,0.5014,0.5,12,146,146,4,147,150,2006.47826086957,2006.60869565217,1.10865027400824
-0.5,7.5,0.5014,0.5,12,146,146,5,147,150,2006.47826086957,2006.60869565217,1.10865027400824
-0.5,7.5,0.5014,0.5,12,146,146,6,147,150,2006.47826086957,2006.60869565217,1.10865027400824
-0.4,7.5,0.4428,0.5,12,146,146,1,147,NA,2006.47826086957,NA,1.39482553219088
-0.4,7.5,0.4428,0.5,12,146,146,2,147,NA,2006.47826086957,NA,1.39482553219088
-0.4,7.5,0.4428,0.5,12,146,146,3,147,NA,2006.47826086957,NA,1.39482553219088
-0.4,7.5,0.4428,0.5,12,146,146,4,147,NA,2006.47826086957,NA,1.39482553219088
-0.4,7.5,0.4428,0.5,12,146,146,5,147,151,2006.47826086957,2006.65217391304,1.39482553219088
-0.4,7.5,0.4428,0.5,12,146,146,6,147,151,2006.47826086957,2006.65217391304,1.39482553219088
-0.3,7.5,0.4452,0.5,12,146,36,1,147,NA,2006.47826086957,NA,1.32868817414368
-0.3,7.5,0.4452,0.5,12,146,36,2,147,NA,2006.47826086957,NA,1.32868817414368
-0.3,7.5,0.4452,0.5,12,146,36,3,147,39,2006.47826086957,2006.56521739130,1.32868817414368
-0.3,7.5,0.4452,0.5,12,146,36,4,147,39,2006.47826086957,2006.56521739130,1.32868817414368
-0.3,7.5,0.4452,0.5,12,146,36,5,147,39,2006.47826086957,2006.56521739130,1.32868817414368
-0.3,7.5,0.4452,0.5,12,146,36,6,147,39,2006.47826086957,2006.56521739130,1.32868817414368
-0.2,7.5,0.3898,0.5,12,146,146,1,147,NA,2006.47826086957,NA,1.50154113946892
-0.2,7.5,0.3898,0.5,12,146,146,2,147,NA,2006.47826086957,NA,1.50154113946892
-0.2,7.5,0.3898,0.5,12,146,146,3,147,NA,2006.47826086957,NA,1.50154113946892
-0.2,7.5,0.3898,0.5,12,146,146,4,147,NA,2006.47826086957,NA,1.50154113946892
-0.2,7.5,0.3898,0.5,12,146,146,5,147,NA,2006.47826086957,NA,1.50154113946892
-0.2,7.5,0.3898,0.5,12,146,146,6,147,NA,2006.47826086957,NA,1.50154113946892
-0.1,7.5,0.3995,0.5,12,146,146,1,147,NA,2006.47826086957,NA,1.21387946637094
-0.1,7.5,0.3995,0.5,12,146,146,2,147,NA,2006.47826086957,NA,1.21387946637094
-0.1,7.5,0.3995,0.5,12,146,146,3,147,NA,2006.47826086957,NA,1.21387946637094
-0.1,7.5,0.3995,0.5,12,146,146,4,147,NA,2006.47826086957,NA,1.21387946637094
-0.1,7.5,0.3995,0.5,12,146,146,5,147,NA,2006.47826086957,NA,1.21387946637094
-0.1,7.5,0.3995,0.5,12,146,146,6,147,NA,2006.47826086957,NA,1.21387946637094
0,7.5,0.395,0.5,12,146,146,1,147,NA,2006.47826086957,NA,1.35874224213584
0,7.5,0.395,0.5,12,146,146,2,147,NA,2006.47826086957,NA,1.35874224213584
0,7.5,0.395,0.5,12,146,146,3,147,NA,2006.47826086957,NA,1.35874224213584
0,7.5,0.395,0.5,12,146,146,4,147,NA,2006.47826086957,NA,1.35874224213584
0,7.5,0.395,0.5,12,146,146,5,147,NA,2006.47826086957,NA,1.35874224213584
0,7.5,0.395,0.5,12,146,146,6,147,NA,2006.47826086957,NA,1.35874224213584
-0.5,8,0.4735,0.5,12,146,146,1,147,NA,2006.47826086957,NA,1.79110375986368
-0.5,8,0.4735,0.5,12,146,146,2,147,NA,2006.47826086957,NA,1.79110375986368
-0.5,8,0.4735,0.5,12,146,146,3,147,NA,2006.47826086957,NA,1.79110375986368
-0.5,8,0.4735,0.5,12,146,146,4,147,NA,2006.47826086957,NA,1.79110375986368
-0.5,8,0.4735,0.5,12,146,146,5,147,NA,2006.47826086957,NA,1.79110375986368
-0.5,8,0.4735,0.5,12,146,146,6,147,152,2006.47826086957,2006.69565217391,1.79110375986368
-0.4,8,0.4234,0.5,12,146,146,1,147,NA,2006.47826086957,NA,1.46897437460490
-0.4,8,0.4234,0.5,12,146,146,2,147,NA,2006.47826086957,NA,1.46897437460490
-0.4,8,0.4234,0.5,12,146,146,3,147,NA,2006.47826086957,NA,1.46897437460490
-0.4,8,0.4234,0.5,12,146,146,4,147,NA,2006.47826086957,NA,1.46897437460490
-0.4,8,0.4234,0.5,12,146,146,5,147,NA,2006.47826086957,NA,1.46897437460490
-0.4,8,0.4234,0.5,12,146,146,6,147,NA,2006.47826086957,NA,1.46897437460490
-0.3,8,0.397,0.5,12,146,146,1,147,NA,2006.47826086957,NA,1.82855092401855
-0.3,8,0.397,0.5,12,146,146,2,147,NA,2006.47826086957,NA,1.82855092401855
-0.3,8,0.397,0.5,12,146,146,3,147,NA,2006.47826086957,NA,1.82855092401855
-0.3,8,0.397,0.5,12,146,146,4,147,NA,2006.47826086957,NA,1.82855092401855
-0.3,8,0.397,0.5,12,146,146,5,147,NA,2006.47826086957,NA,1.82855092401855
-0.3,8,0.397,0.5,12,146,146,6,147,NA,2006.47826086957,NA,1.82855092401855
-0.2,8,0.3601,0.5,12,146,146,1,147,NA,2006.47826086957,NA,1.39633885121062
-0.2,8,0.3601,0.5,12,146,146,2,147,NA,2006.47826086957,NA,1.39633885121062
-0.2,8,0.3601,0.5,12,146,146,3,147,NA,2006.47826086957,NA,1.39633885121062
-0.2,8,0.3601,0.5,12,146,146,4,147,NA,2006.47826086957,NA,1.39633885121062
-0.2,8,0.3601,0.5,12,146,146,5,147,NA,2006.47826086957,NA,1.39633885121062
-0.2,8,0.3601,0.5,12,146,146,6,147,NA,2006.47826086957,NA,1.39633885121062
-0.1,8,0.3584,0.5,12,146,146,1,147,NA,2006.47826086957,NA,1.52796561190463
-0.1,8,0.3584,0.5,12,146,146,2,147,NA,2006.47826086957,NA,1.52796561190463
-0.1,8,0.3584,0.5,12,146,146,3,147,NA,2006.47826086957,NA,1.52796561190463
-0.1,8,0.3584,0.5,12,146,146,4,147,NA,2006.47826086957,NA,1.52796561190463
-0.1,8,0.3584,0.5,12,146,146,5,147,NA,2006.47826086957,NA,1.52796561190463
-0.1,8,0.3584,0.5,12,146,146,6,147,NA,2006.47826086957,NA,1.52796561190463
0,8,0.3775,0.5,12,146,146,1,147,NA,2006.47826086957,NA,1.38752546478296
0,8,0.3775,0.5,12,146,146,2,147,NA,2006.47826086957,NA,1.38752546478296
0,8,0.3775,0.5,12,146,146,3,147,NA,2006.47826086957,NA,1.38752546478296
0,8,0.3775,0.5,12,146,146,4,147,NA,2006.47826086957,NA,1.38752546478296
0,8,0.3775,0.5,12,146,146,5,147,NA,2006.47826086957,NA,1.38752546478296
0,8,0.3775,0.5,12,146,146,6,147,NA,2006.47826086957,NA,1.38752546478296
