"dip","noisef","nrange","a","dfend","Lhistory","LStablehistory","nrdatamonitor","Tsim","Tmon","Dsim","Dmon","sn"
-0.5,0,0.1,0.1,12,146,146,1,147,147,2006.47826086957,2006.47826086957,1.00426017793084
-0.5,0,0.1,0.1,12,146,146,2,147,147,2006.47826086957,2006.47826086957,1.00426017793084
-0.5,0,0.1,0.1,12,146,146,3,147,147,2006.47826086957,2006.47826086957,1.00426017793084
-0.5,0,0.1,0.1,12,146,146,4,147,147,2006.47826086957,2006.47826086957,1.00426017793084
-0.5,0,0.1,0.1,12,146,146,5,147,147,2006.47826086957,2006.47826086957,1.00426017793084
-0.5,0,0.1,0.1,12,146,146,6,147,147,2006.47826086957,2006.47826086957,1.00426017793084
-0.4,0,0.1,0.1,12,146,146,1,147,NA,2006.47826086957,NA,1.00601566867857
-0.4,0,0.1,0.1,12,146,146,2,147,148,2006.47826086957,2006.52173913043,1.00601566867857
-0.4,0,0.1,0.1,12,146,146,3,147,148,2006.47826086957,2006.52173913043,1.00601566867857
-0.4,0,0.1,0.1,12,146,146,4,147,148,2006.47826086957,2006.52173913043,1.00601566867857
-0.4,0,0.1,0.1,12,146,146,5,147,148,2006.47826086957,2006.52173913043,1.00601566867857
-0.4,0,0.1,0.1,12,146,146,6,147,148,2006.47826086957,2006.52173913043,1.00601566867857
-0.3,0,0.1,0.1,12,146,146,1,147,NA,2006.47826086957,NA,0.69171340695352
-0.3,0,0.1,0.1,12,146,146,2,147,148,2006.47826086957,2006.52173913043,0.69171340695352
-0.3,0,0.1,0.1,12,146,146,3,147,148,2006.47826086957,2006.52173913043,0.69171340695352
-0.3,0,0.1,0.1,12,146,146,4,147,148,2006.47826086957,2006.52173913043,0.69171340695352
-0.3,0,0.1,0.1,12,146,146,5,147,148,2006.47826086957,2006.52173913043,0.69171340695352
-0.3,0,0.1,0.1,12,146,146,6,147,148,2006.47826086957,2006.52173913043,0.69171340695352
-0.2,0,0.1,0.1,12,146,146,1,147,NA,2006.47826086957,NA,0.998513249301652
-0.2,0,0.1,0.1,12,146,146,2,147,NA,2006.47826086957,NA,0.998513249301652
-0.2,0,0.1,0.1,12,146,146,3,147,149,2006.47826086957,2006.56521739130,0.998513249301652
-0.2,0,0.1,0.1,12,146,146,4,147,149,2006.47826086957,2006.56521739130,0.998513249301652
-0.2,0,0.1,0.1,12,146,146,5,147,149,2006.47826086957,2006.56521739130,0.998513249301652
-0.2,0,0.1,0.1,12,146,146,6,147,149,2006.47826086957,2006.56521739130,0.998513249301652
-0.1,0,0.1,0.1,12,146,146,1,147,NA,2006.47826086957,NA,0.699462697350107
-0.1,0,0.1,0.1,12,146,146,2,147,NA,2006.47826086957,NA,0.699462697350107
-0.1,0,0.1,0.1,12,146,146,3,147,NA,2006.47826086957,NA,0.699462697350107
-0.1,0,0.1,0.1,12,146,146,4,147,150,2006.47826086957,2006.60869565217,0.699462697350107
-0.1,0,0.1,0.1,12,146,146,5,147,150,2006.47826086957,2006.60869565217,0.699462697350107
-0.1,0,0.1,0.1,12,146,146,6,147,150,2006.47826086957,2006.60869565217,0.699462697350107
0,0,0.1,0.1,12,146,146,1,147,NA,2006.47826086957,NA,1.01119964172858
0,0,0.1,0.1,12,146,146,2,147,NA,2006.47826086957,NA,1.01119964172858
0,0,0.1,0.1,12,146,146,3,147,NA,2006.47826086957,NA,1.01119964172858
0,0,0.1,0.1,12,146,146,4,147,NA,2006.47826086957,NA,1.01119964172858
0,0,0.1,0.1,12,146,146,5,147,NA,2006.47826086957,NA,1.01119964172858
0,0,0.1,0.1,12,146,146,6,147,NA,2006.47826086957,NA,1.01119964172858
-0.5,0.5,0.1119,0.1,12,146,146,1,147,147,2006.47826086957,2006.47826086957,0.931781105476328
-0.5,0.5,0.1119,0.1,12,146,146,2,147,147,2006.47826086957,2006.47826086957,0.931781105476328
-0.5,0.5,0.1119,0.1,12,146,146,3,147,147,2006.47826086957,2006.47826086957,0.931781105476328
-0.5,0.5,0.1119,0.1,12,146,146,4,147,147,2006.47826086957,2006.47826086957,0.931781105476328
-0.5,0.5,0.1119,0.1,12,146,146,5,147,147,2006.47826086957,2006.47826086957,0.931781105476328
-0.5,0.5,0.1119,0.1,12,146,146,6,147,147,2006.47826086957,2006.47826086957,0.931781105476328
-0.4,0.5,0.1125,0.1,12,146,146,1,147,147,2006.47826086957,2006.47826086957,0.91763488366707
-0.4,0.5,0.1125,0.1,12,146,146,2,147,147,2006.47826086957,2006.47826086957,0.91763488366707
-0.4,0.5,0.1125,0.1,12,146,146,3,147,147,2006.47826086957,2006.47826086957,0.91763488366707
-0.4,0.5,0.1125,0.1,12,146,146,4,147,147,2006.47826086957,2006.47826086957,0.91763488366707
-0.4,0.5,0.1125,0.1,12,146,146,5,147,147,2006.47826086957,2006.47826086957,0.91763488366707
-0.4,0.5,0.1125,0.1,12,146,146,6,147,147,2006.47826086957,2006.47826086957,0.91763488366707
-0.3,0.5,0.1132,0.1,12,146,146,1,147,NA,2006.47826086957,NA,0.940755004444275
-0.3,0.5,0.1132,0.1,12,146,146,2,147,148,2006.47826086957,2006.52173913043,0.940755004444275
-0.3,0.5,0.1132,0.1,12,146,146,3,147,148,2006.47826086957,2006.52173913043,0.940755004444275
-0.3,0.5,0.1132,0.1,12,146,146,4,147,148,2006.47826086957,2006.52173913043,0.940755004444275
-0.3,0.5,0.1132,0.1,12,146,146,5,147,148,2006.47826086957,2006.52173913043,0.940755004444275
-0.3,0.5,0.1132,0.1,12,146,146,6,147,148,2006.47826086957,2006.52173913043,0.940755004444275
-0.2,0.5,0.1122,0.1,12,146,78,1,147,NA,2006.47826086957,NA,0.950704751497236
-0.2,0.5,0.1122,0.1,12,146,78,2,147,80,2006.47826086957,2006.52173913043,0.950704751497236
-0.2,0.5,0.1122,0.1,12,146,78,3,147,80,2006.47826086957,2006.52173913043,0.950704751497236
-0.2,0.5,0.1122,0.1,12,146,78,4,147,80,2006.47826086957,2006.52173913043,0.950704751497236
-0.2,0.5,0.1122,0.1,12,146,78,5,147,80,2006.47826086957,2006.52173913043,0.950704751497236
-0.2,0.5,0.1122,0.1,12,146,78,6,147,80,2006.47826086957,2006.52173913043,0.950704751497236
-0.1,0.5,0.112,0.1,12,146,146,1,147,NA,2006.47826086957,NA,0.906955934775433
-0.1,0.5,0.112,0.1,12,146,146,2,147,NA,2006.47826086957,NA,0.906955934775433
-0.1,0.5,0.112,0.1,12,146,146,3,147,NA,2006.47826086957,NA,0.906955934775433
-0.1,0.5,0.112,0.1,12,146,146,4,147,150,2006.47826086957,2006.60869565217,0.906955934775433
-0.1,0.5,0.112,0.1,12,146,146,5,147,150,2006.47826086957,2006.60869565217,0.906955934775433
-0.1,0.5,0.112,0.1,12,146,146,6,147,150,2006.47826086957,2006.60869565217,0.906955934775433
0,0.5,0.1143,0.1,12,146,24,1,147,NA,2006.47826086957,NA,0.876227587745783
0,0.5,0.1143,0.1,12,146,24,2,147,26,2006.47826086957,2006.52173913043,0.876227587745783
0,0.5,0.1143,0.1,12,146,24,3,147,26,2006.47826086957,2006.52173913043,0.876227587745783
0,0.5,0.1143,0.1,12,146,24,4,147,26,2006.47826086957,2006.52173913043,0.876227587745783
0,0.5,0.1143,0.1,12,146,24,5,147,26,2006.47826086957,2006.52173913043,0.876227587745783
0,0.5,0.1143,0.1,12,146,24,6,147,26,2006.47826086957,2006.52173913043,0.876227587745783
-0.5,1,0.1191,0.1,12,146,146,1,147,147,2006.47826086957,2006.47826086957,0.838171139969176
-0.5,1,0.1191,0.1,12,146,146,2,147,147,2006.47826086957,2006.47826086957,0.838171139969176
-0.5,1,0.1191,0.1,12,146,146,3,147,147,2006.47826086957,2006.47826086957,0.838171139969176
-0.5,1,0.1191,0.1,12,146,146,4,147,147,2006.47826086957,2006.47826086957,0.838171139969176
-0.5,1,0.1191,0.1,12,146,146,5,147,147,2006.47826086957,2006.47826086957,0.838171139969176
-0.5,1,0.1191,0.1,12,146,146,6,147,147,2006.47826086957,2006.47826086957,0.838171139969176
-0.4,1,0.1344,0.1,12,146,24,1,147,25,2006.47826086957,2006.47826086957,0.860505742097382
-0.4,1,0.1344,0.1,12,146,24,2,147,25,2006.47826086957,2006.47826086957,0.860505742097382
-0.4,1,0.1344,0.1,12,146,24,3,147,25,2006.47826086957,2006.47826086957,0.860505742097382
-0.4,1,0.1344,0.1,12,146,24,4,147,25,2006.47826086957,2006.47826086957,0.860505742097382
-0.4,1,0.1344,0.1,12,146,24,5,147,25,2006.47826086957,2006.47826086957,0.860505742097382
-0.4,1,0.1344,0.1,12,146,24,6,147,25,2006.47826086957,2006.47826086957,0.860505742097382
-0.3,1,0.1307,0.1,12,146,146,1,147,NA,2006.47826086957,NA,0.764695457854566
-0.3,1,0.1307,0.1,12,146,146,2,147,NA,2006.47826086957,NA,0.764695457854566
-0.3,1,0.1307,0.1,12,146,146,3,147,149,2006.47826086957,2006.56521739130,0.764695457854566
-0.3,1,0.1307,0.1,12,146,146,4,147,149,2006.47826086957,2006.56521739130,0.764695457854566
-0.3,1,0.1307,0.1,12,146,146,5,147,149,2006.47826086957,2006.56521739130,0.764695457854566
-0.3,1,0.1307,0.1,12,146,146,6,147,149,2006.47826086957,2006.56521739130,0.764695457854566
-0.2,1,0.1293,0.1,12,146,146,1,147,NA,2006.47826086957,NA,0.849455511585936
-0.2,1,0.1293,0.1,12,146,146,2,147,NA,2006.47826086957,NA,0.849455511585936
-0.2,1,0.1293,0.1,12,146,146,3,147,NA,2006.47826086957,NA,0.849455511585936
-0.2,1,0.1293,0.1,12,146,146,4,147,150,2006.47826086957,2006.60869565217,0.849455511585936
-0.2,1,0.1293,0.1,12,146,146,5,147,150,2006.47826086957,2006.60869565217,0.849455511585936
-0.2,1,0.1293,0.1,12,146,146,6,147,150,2006.47826086957,2006.60869565217,0.849455511585936
-0.1,1,0.1245,0.1,12,146,146,1,147,NA,2006.47826086957,NA,0.864876475096052
-0.1,1,0.1245,0.1,12,146,146,2,147,NA,2006.47826086957,NA,0.864876475096052
-0.1,1,0.1245,0.1,12,146,146,3,147,NA,2006.47826086957,NA,0.864876475096052
-0.1,1,0.1245,0.1,12,146,146,4,147,NA,2006.47826086957,NA,0.864876475096052
-0.1,1,0.1245,0.1,12,146,146,5,147,NA,2006.47826086957,NA,0.864876475096052
-0.1,1,0.1245,0.1,12,146,146,6,147,152,2006.47826086957,2006.69565217391,0.864876475096052
0,1,0.1323,0.1,12,146,146,1,147,NA,2006.47826086957,NA,0.828751221409829
0,1,0.1323,0.1,12,146,146,2,147,NA,2006.47826086957,NA,0.828751221409829
0,1,0.1323,0.1,12,146,146,3,147,NA,2006.47826086957,NA,0.828751221409829
0,1,0.1323,0.1,12,146,146,4,147,NA,2006.47826086957,NA,0.828751221409829
0,1,0.1323,0.1,12,146,146,5,147,NA,2006.47826086957,NA,0.828751221409829
0,1,0.1323,0.1,12,146,146,6,147,NA,2006.47826086957,NA,0.828751221409829
-0.5,1.5,0.1484,0.1,12,146,22,1,147,23,2006.47826086957,2006.47826086957,0.808320402763211
-0.5,1.5,0.1484,0.1,12,146,22,2,147,23,2006.47826086957,2006.47826086957,0.808320402763211
-0.5,1.5,0.1484,0.1,12,146,22,3,147,23,2006.47826086957,2006.47826086957,0.808320402763211
-0.5,1.5,0.1484,0.1,12,146,22,4,147,23,2006.47826086957,2006.47826086957,0.808320402763211
-0.5,1.5,0.1484,0.1,12,146,22,5,147,23,2006.47826086957,2006.47826086957,0.808320402763211
-0.5,1.5,0.1484,0.1,12,146,22,6,147,23,2006.47826086957,2006.47826086957,0.808320402763211
-0.4,1.5,0.1411,0.1,12,146,146,1,147,NA,2006.47826086957,NA,0.80110136804848
-0.4,1.5,0.1411,0.1,12,146,146,2,147,148,2006.47826086957,2006.52173913043,0.80110136804848
-0.4,1.5,0.1411,0.1,12,146,146,3,147,148,2006.47826086957,2006.52173913043,0.80110136804848
-0.4,1.5,0.1411,0.1,12,146,146,4,147,148,2006.47826086957,2006.52173913043,0.80110136804848
-0.4,1.5,0.1411,0.1,12,146,146,5,147,148,2006.47826086957,2006.52173913043,0.80110136804848
-0.4,1.5,0.1411,0.1,12,146,146,6,147,148,2006.47826086957,2006.52173913043,0.80110136804848
-0.3,1.5,0.1402,0.1,12,146,146,1,147,NA,2006.47826086957,NA,0.756223935156236
-0.3,1.5,0.1402,0.1,12,146,146,2,147,148,2006.47826086957,2006.52173913043,0.756223935156236
-0.3,1.5,0.1402,0.1,12,146,146,3,147,148,2006.47826086957,2006.52173913043,0.756223935156236
-0.3,1.5,0.1402,0.1,12,146,146,4,147,148,2006.47826086957,2006.52173913043,0.756223935156236
-0.3,1.5,0.1402,0.1,12,146,146,5,147,148,2006.47826086957,2006.52173913043,0.756223935156236
-0.3,1.5,0.1402,0.1,12,146,146,6,147,148,2006.47826086957,2006.52173913043,0.756223935156236
-0.2,1.5,0.1419,0.1,12,146,146,1,147,NA,2006.47826086957,NA,0.833110208234413
-0.2,1.5,0.1419,0.1,12,146,146,2,147,NA,2006.47826086957,NA,0.833110208234413
-0.2,1.5,0.1419,0.1,12,146,146,3,147,149,2006.47826086957,2006.56521739130,0.833110208234413
-0.2,1.5,0.1419,0.1,12,146,146,4,147,149,2006.47826086957,2006.56521739130,0.833110208234413
-0.2,1.5,0.1419,0.1,12,146,146,5,147,149,2006.47826086957,2006.56521739130,0.833110208234413
-0.2,1.5,0.1419,0.1,12,146,146,6,147,149,2006.47826086957,2006.56521739130,0.833110208234413
-0.1,1.5,0.1281,0.1,12,146,146,1,147,NA,2006.47826086957,NA,0.935842334140445
-0.1,1.5,0.1281,0.1,12,146,146,2,147,NA,2006.47826086957,NA,0.935842334140445
-0.1,1.5,0.1281,0.1,12,146,146,3,147,NA,2006.47826086957,NA,0.935842334140445
-0.1,1.5,0.1281,0.1,12,146,146,4,147,NA,2006.47826086957,NA,0.935842334140445
-0.1,1.5,0.1281,0.1,12,146,146,5,147,NA,2006.47826086957,NA,0.935842334140445
-0.1,1.5,0.1281,0.1,12,146,146,6,147,152,2006.47826086957,2006.69565217391,0.935842334140445
0,1.5,0.1427,0.1,12,146,146,1,147,NA,2006.47826086957,NA,0.920616330416872
0,1.5,0.1427,0.1,12,146,146,2,147,NA,2006.47826086957,NA,0.920616330416872
0,1.5,0.1427,0.1,12,146,146,3,147,NA,2006.47826086957,NA,0.920616330416872
0,1.5,0.1427,0.1,12,146,146,4,147,NA,2006.47826086957,NA,0.920616330416872
0,1.5,0.1427,0.1,12,146,146,5,147,NA,2006.47826086957,NA,0.920616330416872
0,1.5,0.1427,0.1,12,146,146,6,147,NA,2006.47826086957,NA,0.920616330416872
-0.5,2,0.1491,0.1,12,146,146,1,147,NA,2006.47826086957,NA,0.830475709837112
-0.5,2,0.1491,0.1,12,146,146,2,147,148,2006.47826086957,2006.52173913043,0.830475709837112
-0.5,2,0.1491,0.1,12,146,146,3,147,148,2006.47826086957,2006.52173913043,0.830475709837112
-0.5,2,0.1491,0.1,12,146,146,4,147,148,2006.47826086957,2006.52173913043,0.830475709837112
-0.5,2,0.1491,0.1,12,146,146,5,147,148,2006.47826086957,2006.52173913043,0.830475709837112
-0.5,2,0.1491,0.1,12,146,146,6,147,148,2006.47826086957,2006.52173913043,0.830475709837112
-0.4,2,0.159,0.1,12,146,146,1,147,NA,2006.47826086957,NA,0.807582084019237
-0.4,2,0.159,0.1,12,146,146,2,147,148,2006.47826086957,2006.52173913043,0.807582084019237
-0.4,2,0.159,0.1,12,146,146,3,147,148,2006.47826086957,2006.52173913043,0.807582084019237
-0.4,2,0.159,0.1,12,146,146,4,147,148,2006.47826086957,2006.52173913043,0.807582084019237
-0.4,2,0.159,0.1,12,146,146,5,147,148,2006.47826086957,2006.52173913043,0.807582084019237
-0.4,2,0.159,0.1,12,146,146,6,147,148,2006.47826086957,2006.52173913043,0.807582084019237
-0.3,2,0.1513,0.1,12,146,146,1,147,NA,2006.47826086957,NA,0.885655493295393
-0.3,2,0.1513,0.1,12,146,146,2,147,NA,2006.47826086957,NA,0.885655493295393
-0.3,2,0.1513,0.1,12,146,146,3,147,149,2006.47826086957,2006.56521739130,0.885655493295393
-0.3,2,0.1513,0.1,12,146,146,4,147,149,2006.47826086957,2006.56521739130,0.885655493295393
-0.3,2,0.1513,0.1,12,146,146,5,147,149,2006.47826086957,2006.56521739130,0.885655493295393
-0.3,2,0.1513,0.1,12,146,146,6,147,149,2006.47826086957,2006.56521739130,0.885655493295393
-0.2,2,0.1578,0.1,12,146,146,1,147,NA,2006.47826086957,NA,0.717902635790277
-0.2,2,0.1578,0.1,12,146,146,2,147,NA,2006.47826086957,NA,0.717902635790277
-0.2,2,0.1578,0.1,12,146,146,3,147,149,2006.47826086957,2006.56521739130,0.717902635790277
-0.2,2,0.1578,0.1,12,146,146,4,147,149,2006.47826086957,2006.56521739130,0.717902635790277
-0.2,2,0.1578,0.1,12,146,146,5,147,149,2006.47826086957,2006.56521739130,0.717902635790277
-0.2,2,0.1578,0.1,12,146,146,6,147,149,2006.47826086957,2006.56521739130,0.717902635790277
-0.1,2,0.1551,0.1,12,146,146,1,147,NA,2006.47826086957,NA,0.8741833496077
-0.1,2,0.1551,0.1,12,146,146,2,147,NA,2006.47826086957,NA,0.8741833496077
-0.1,2,0.1551,0.1,12,146,146,3,147,NA,2006.47826086957,NA,0.8741833496077
-0.1,2,0.1551,0.1,12,146,146,4,147,NA,2006.47826086957,NA,0.8741833496077
-0.1,2,0.1551,0.1,12,146,146,5,147,NA,2006.47826086957,NA,0.8741833496077
-0.1,2,0.1551,0.1,12,146,146,6,147,152,2006.47826086957,2006.69565217391,0.8741833496077
0,2,0.1364,0.1,12,146,146,1,147,NA,2006.47826086957,NA,0.933189072965608
0,2,0.1364,0.1,12,146,146,2,147,NA,2006.47826086957,NA,0.933189072965608
0,2,0.1364,0.1,12,146,146,3,147,NA,2006.47826086957,NA,0.933189072965608
0,2,0.1364,0.1,12,146,146,4,147,NA,2006.47826086957,NA,0.933189072965608
0,2,0.1364,0.1,12,146,146,5,147,NA,2006.47826086957,NA,0.933189072965608
0,2,0.1364,0.1,12,146,146,6,147,NA,2006.47826086957,NA,0.933189072965608
-0.5,2.5,0.1626,0.1,12,146,146,1,147,NA,2006.47826086957,NA,0.934455413364741
-0.5,2.5,0.1626,0.1,12,146,146,2,147,148,2006.47826086957,2006.52173913043,0.934455413364741
-0.5,2.5,0.1626,0.1,12,146,146,3,147,148,2006.47826086957,2006.52173913043,0.934455413364741
-0.5,2.5,0.1626,0.1,12,146,146,4,147,148,2006.47826086957,2006.52173913043,0.934455413364741
-0.5,2.5,0.1626,0.1,12,146,146,5,147,148,2006.47826086957,2006.52173913043,0.934455413364741
-0.5,2.5,0.1626,0.1,12,146,146,6,147,148,2006.47826086957,2006.52173913043,0.934455413364741
-0.4,2.5,0.1643,0.1,12,146,146,1,147,NA,2006.47826086957,NA,0.7560801923933
-0.4,2.5,0.1643,0.1,12,146,146,2,147,148,2006.47826086957,2006.52173913043,0.7560801923933
-0.4,2.5,0.1643,0.1,12,146,146,3,147,148,2006.47826086957,2006.52173913043,0.7560801923933
-0.4,2.5,0.1643,0.1,12,146,146,4,147,148,2006.47826086957,2006.52173913043,0.7560801923933
-0.4,2.5,0.1643,0.1,12,146,146,5,147,148,2006.47826086957,2006.52173913043,0.7560801923933
-0.4,2.5,0.1643,0.1,12,146,146,6,147,148,2006.47826086957,2006.52173913043,0.7560801923933
-0.3,2.5,0.1698,0.1,12,146,146,1,147,NA,2006.47826086957,NA,0.755339824903194
-0.3,2.5,0.1698,0.1,12,146,146,2,147,NA,2006.47826086957,NA,0.755339824903194
-0.3,2.5,0.1698,0.1,12,146,146,3,147,149,2006.47826086957,2006.56521739130,0.755339824903194
-0.3,2.5,0.1698,0.1,12,146,146,4,147,149,2006.47826086957,2006.56521739130,0.755339824903194
-0.3,2.5,0.1698,0.1,12,146,146,5,147,149,2006.47826086957,2006.56521739130,0.755339824903194
-0.3,2.5,0.1698,0.1,12,146,146,6,147,149,2006.47826086957,2006.56521739130,0.755339824903194
-0.2,2.5,0.158,0.1,12,146,146,1,147,NA,2006.47826086957,NA,0.84477957256361
-0.2,2.5,0.158,0.1,12,146,146,2,147,NA,2006.47826086957,NA,0.84477957256361
-0.2,2.5,0.158,0.1,12,146,146,3,147,NA,2006.47826086957,NA,0.84477957256361
-0.2,2.5,0.158,0.1,12,146,146,4,147,150,2006.47826086957,2006.60869565217,0.84477957256361
-0.2,2.5,0.158,0.1,12,146,146,5,147,150,2006.47826086957,2006.60869565217,0.84477957256361
-0.2,2.5,0.158,0.1,12,146,146,6,147,150,2006.47826086957,2006.60869565217,0.84477957256361
-0.1,2.5,0.1643,0.1,12,146,146,1,147,NA,2006.47826086957,NA,0.793312177367621
-0.1,2.5,0.1643,0.1,12,146,146,2,147,NA,2006.47826086957,NA,0.793312177367621
-0.1,2.5,0.1643,0.1,12,146,146,3,147,NA,2006.47826086957,NA,0.793312177367621
-0.1,2.5,0.1643,0.1,12,146,146,4,147,NA,2006.47826086957,NA,0.793312177367621
-0.1,2.5,0.1643,0.1,12,146,146,5,147,NA,2006.47826086957,NA,0.793312177367621
-0.1,2.5,0.1643,0.1,12,146,146,6,147,152,2006.47826086957,2006.69565217391,0.793312177367621
0,2.5,0.1599,0.1,12,146,146,1,147,NA,2006.47826086957,NA,0.844916719353515
0,2.5,0.1599,0.1,12,146,146,2,147,NA,2006.47826086957,NA,0.844916719353515
0,2.5,0.1599,0.1,12,146,146,3,147,NA,2006.47826086957,NA,0.844916719353515
0,2.5,0.1599,0.1,12,146,146,4,147,NA,2006.47826086957,NA,0.844916719353515
0,2.5,0.1599,0.1,12,146,146,5,147,NA,2006.47826086957,NA,0.844916719353515
0,2.5,0.1599,0.1,12,146,146,6,147,NA,2006.47826086957,NA,0.844916719353515
-0.5,3,0.1667,0.1,12,146,146,1,147,NA,2006.47826086957,NA,0.663081436442096
-0.5,3,0.1667,0.1,12,146,146,2,147,NA,2006.47826086957,NA,0.663081436442096
-0.5,3,0.1667,0.1,12,146,146,3,147,149,2006.47826086957,2006.56521739130,0.663081436442096
-0.5,3,0.1667,0.1,12,146,146,4,147,149,2006.47826086957,2006.56521739130,0.663081436442096
-0.5,3,0.1667,0.1,12,146,146,5,147,149,2006.47826086957,2006.56521739130,0.663081436442096
-0.5,3,0.1667,0.1,12,146,146,6,147,149,2006.47826086957,2006.56521739130,0.663081436442096
-0.4,3,0.165,0.1,12,146,146,1,147,NA,2006.47826086957,NA,0.742983889223913
-0.4,3,0.165,0.1,12,146,146,2,147,148,2006.47826086957,2006.52173913043,0.742983889223913
-0.4,3,0.165,0.1,12,146,146,3,147,148,2006.47826086957,2006.52173913043,0.742983889223913
-0.4,3,0.165,0.1,12,146,146,4,147,148,2006.47826086957,2006.52173913043,0.742983889223913
-0.4,3,0.165,0.1,12,146,146,5,147,148,2006.47826086957,2006.52173913043,0.742983889223913
-0.4,3,0.165,0.1,12,146,146,6,147,148,2006.47826086957,2006.52173913043,0.742983889223913
-0.3,3,0.1784,0.1,12,146,146,1,147,NA,2006.47826086957,NA,0.89591479446795
-0.3,3,0.1784,0.1,12,146,146,2,147,NA,2006.47826086957,NA,0.89591479446795
-0.3,3,0.1784,0.1,12,146,146,3,147,149,2006.47826086957,2006.56521739130,0.89591479446795
-0.3,3,0.1784,0.1,12,146,146,4,147,149,2006.47826086957,2006.56521739130,0.89591479446795
-0.3,3,0.1784,0.1,12,146,146,5,147,149,2006.47826086957,2006.56521739130,0.89591479446795
-0.3,3,0.1784,0.1,12,146,146,6,147,149,2006.47826086957,2006.56521739130,0.89591479446795
-0.2,3,0.1937,0.1,12,146,146,1,147,NA,2006.47826086957,NA,0.632440006599622
-0.2,3,0.1937,0.1,12,146,146,2,147,NA,2006.47826086957,NA,0.632440006599622
-0.2,3,0.1937,0.1,12,146,146,3,147,149,2006.47826086957,2006.56521739130,0.632440006599622
-0.2,3,0.1937,0.1,12,146,146,4,147,149,2006.47826086957,2006.56521739130,0.632440006599622
-0.2,3,0.1937,0.1,12,146,146,5,147,149,2006.47826086957,2006.56521739130,0.632440006599622
-0.2,3,0.1937,0.1,12,146,146,6,147,149,2006.47826086957,2006.56521739130,0.632440006599622
-0.1,3,0.1995,0.1,12,146,146,1,147,NA,2006.47826086957,NA,0.872641612474898
-0.1,3,0.1995,0.1,12,146,146,2,147,NA,2006.47826086957,NA,0.872641612474898
-0.1,3,0.1995,0.1,12,146,146,3,147,NA,2006.47826086957,NA,0.872641612474898
-0.1,3,0.1995,0.1,12,146,146,4,147,NA,2006.47826086957,NA,0.872641612474898
-0.1,3,0.1995,0.1,12,146,146,5,147,NA,2006.47826086957,NA,0.872641612474898
-0.1,3,0.1995,0.1,12,146,146,6,147,NA,2006.47826086957,NA,0.872641612474898
0,3,0.1766,0.1,12,146,146,1,147,NA,2006.47826086957,NA,0.775156831288155
0,3,0.1766,0.1,12,146,146,2,147,NA,2006.47826086957,NA,0.775156831288155
0,3,0.1766,0.1,12,146,146,3,147,NA,2006.47826086957,NA,0.775156831288155
0,3,0.1766,0.1,12,146,146,4,147,NA,2006.47826086957,NA,0.775156831288155
0,3,0.1766,0.1,12,146,146,5,147,NA,2006.47826086957,NA,0.775156831288155
0,3,0.1766,0.1,12,146,146,6,147,NA,2006.47826086957,NA,0.775156831288155
-0.5,3.5,0.198,0.1,12,146,146,1,147,NA,2006.47826086957,NA,0.749153175271939
-0.5,3.5,0.198,0.1,12,146,146,2,147,148,2006.47826086957,2006.52173913043,0.749153175271939
-0.5,3.5,0.198,0.1,12,146,146,3,147,148,2006.47826086957,2006.52173913043,0.749153175271939
-0.5,3.5,0.198,0.1,12,146,146,4,147,148,2006.47826086957,2006.52173913043,0.749153175271939
-0.5,3.5,0.198,0.1,12,146,146,5,147,148,2006.47826086957,2006.52173913043,0.749153175271939
-0.5,3.5,0.198,0.1,12,146,146,6,147,148,2006.47826086957,2006.52173913043,0.749153175271939
-0.4,3.5,0.1805,0.1,12,146,146,1,147,NA,2006.47826086957,NA,0.765117434847772
-0.4,3.5,0.1805,0.1,12,146,146,2,147,148,2006.47826086957,2006.52173913043,0.765117434847772
-0.4,3.5,0.1805,0.1,12,146,146,3,147,148,2006.47826086957,2006.52173913043,0.765117434847772
-0.4,3.5,0.1805,0.1,12,146,146,4,147,148,2006.47826086957,2006.52173913043,0.765117434847772
-0.4,3.5,0.1805,0.1,12,146,146,5,147,148,2006.47826086957,2006.52173913043,0.765117434847772
-0.4,3.5,0.1805,0.1,12,146,146,6,147,148,2006.47826086957,2006.52173913043,0.765117434847772
-0.3,3.5,0.1904,0.1,12,146,146,1,147,NA,2006.47826086957,NA,0.804758204641206
-0.3,3.5,0.1904,0.1,12,146,146,2,147,NA,2006.47826086957,NA,0.804758204641206
-0.3,3.5,0.1904,0.1,12,146,146,3,147,NA,2006.47826086957,NA,0.804758204641206
-0.3,3.5,0.1904,0.1,12,146,146,4,147,150,2006.47826086957,2006.60869565217,0.804758204641206
-0.3,3.5,0.1904,0.1,12,146,146,5,147,150,2006.47826086957,2006.60869565217,0.804758204641206
-0.3,3.5,0.1904,0.1,12,146,146,6,147,150,2006.47826086957,2006.60869565217,0.804758204641206
-0.2,3.5,0.1836,0.1,12,146,146,1,147,NA,2006.47826086957,NA,0.75626626915613
-0.2,3.5,0.1836,0.1,12,146,146,2,147,NA,2006.47826086957,NA,0.75626626915613
-0.2,3.5,0.1836,0.1,12,146,146,3,147,NA,2006.47826086957,NA,0.75626626915613
-0.2,3.5,0.1836,0.1,12,146,146,4,147,150,2006.47826086957,2006.60869565217,0.75626626915613
-0.2,3.5,0.1836,0.1,12,146,146,5,147,150,2006.47826086957,2006.60869565217,0.75626626915613
-0.2,3.5,0.1836,0.1,12,146,146,6,147,150,2006.47826086957,2006.60869565217,0.75626626915613
-0.1,3.5,0.1925,0.1,12,146,146,1,147,NA,2006.47826086957,NA,0.85436035308712
-0.1,3.5,0.1925,0.1,12,146,146,2,147,NA,2006.47826086957,NA,0.85436035308712
-0.1,3.5,0.1925,0.1,12,146,146,3,147,NA,2006.47826086957,NA,0.85436035308712
-0.1,3.5,0.1925,0.1,12,146,146,4,147,NA,2006.47826086957,NA,0.85436035308712
-0.1,3.5,0.1925,0.1,12,146,146,5,147,NA,2006.47826086957,NA,0.85436035308712
-0.1,3.5,0.1925,0.1,12,146,146,6,147,NA,2006.47826086957,NA,0.85436035308712
0,3.5,0.2204,0.1,12,146,40,1,147,NA,2006.47826086957,NA,1.03673650372552
0,3.5,0.2204,0.1,12,146,40,2,147,NA,2006.47826086957,NA,1.03673650372552
0,3.5,0.2204,0.1,12,146,40,3,147,NA,2006.47826086957,NA,1.03673650372552
0,3.5,0.2204,0.1,12,146,40,4,147,NA,2006.47826086957,NA,1.03673650372552
0,3.5,0.2204,0.1,12,146,40,5,147,NA,2006.47826086957,NA,1.03673650372552
0,3.5,0.2204,0.1,12,146,40,6,147,NA,2006.47826086957,NA,1.03673650372552
-0.5,4,0.2314,0.1,12,146,146,1,147,NA,2006.47826086957,NA,0.794374877634014
-0.5,4,0.2314,0.1,12,146,146,2,147,NA,2006.47826086957,NA,0.794374877634014
-0.5,4,0.2314,0.1,12,146,146,3,147,149,2006.47826086957,2006.56521739130,0.794374877634014
-0.5,4,0.2314,0.1,12,146,146,4,147,149,2006.47826086957,2006.56521739130,0.794374877634014
-0.5,4,0.2314,0.1,12,146,146,5,147,149,2006.47826086957,2006.56521739130,0.794374877634014
-0.5,4,0.2314,0.1,12,146,146,6,147,149,2006.47826086957,2006.56521739130,0.794374877634014
-0.4,4,0.2056,0.1,12,146,146,1,147,NA,2006.47826086957,NA,0.636261336289049
-0.4,4,0.2056,0.1,12,146,146,2,147,148,2006.47826086957,2006.52173913043,0.636261336289049
-0.4,4,0.2056,0.1,12,146,146,3,147,148,2006.47826086957,2006.52173913043,0.636261336289049
-0.4,4,0.2056,0.1,12,146,146,4,147,148,2006.47826086957,2006.52173913043,0.636261336289049
-0.4,4,0.2056,0.1,12,146,146,5,147,148,2006.47826086957,2006.52173913043,0.636261336289049
-0.4,4,0.2056,0.1,12,146,146,6,147,148,2006.47826086957,2006.52173913043,0.636261336289049
-0.3,4,0.2495,0.1,12,146,146,1,147,NA,2006.47826086957,NA,0.533758513285637
-0.3,4,0.2495,0.1,12,146,146,2,147,NA,2006.47826086957,NA,0.533758513285637
-0.3,4,0.2495,0.1,12,146,146,3,147,149,2006.47826086957,2006.56521739130,0.533758513285637
-0.3,4,0.2495,0.1,12,146,146,4,147,149,2006.47826086957,2006.56521739130,0.533758513285637
-0.3,4,0.2495,0.1,12,146,146,5,147,149,2006.47826086957,2006.56521739130,0.533758513285637
-0.3,4,0.2495,0.1,12,146,146,6,147,149,2006.47826086957,2006.56521739130,0.533758513285637
-0.2,4,0.224,0.1,12,146,146,1,147,NA,2006.47826086957,NA,0.637358147305834
-0.2,4,0.224,0.1,12,146,146,2,147,NA,2006.47826086957,NA,0.637358147305834
-0.2,4,0.224,0.1,12,146,146,3,147,NA,2006.47826086957,NA,0.637358147305834
-0.2,4,0.224,0.1,12,146,146,4,147,NA,2006.47826086957,NA,0.637358147305834
-0.2,4,0.224,0.1,12,146,146,5,147,151,2006.47826086957,2006.65217391304,0.637358147305834
-0.2,4,0.224,0.1,12,146,146,6,147,151,2006.47826086957,2006.65217391304,0.637358147305834
-0.1,4,0.2082,0.1,12,146,146,1,147,NA,2006.47826086957,NA,0.719538403309852
-0.1,4,0.2082,0.1,12,146,146,2,147,NA,2006.47826086957,NA,0.719538403309852
-0.1,4,0.2082,0.1,12,146,146,3,147,NA,2006.47826086957,NA,0.719538403309852
-0.1,4,0.2082,0.1,12,146,146,4,147,NA,2006.47826086957,NA,0.719538403309852
-0.1,4,0.2082,0.1,12,146,146,5,147,NA,2006.47826086957,NA,0.719538403309852
-0.1,4,0.2082,0.1,12,146,146,6,147,NA,2006.47826086957,NA,0.719538403309852
0,4,0.2139,0.1,12,146,146,1,147,NA,2006.47826086957,NA,0.813513734601123
0,4,0.2139,0.1,12,146,146,2,147,NA,2006.47826086957,NA,0.813513734601123
0,4,0.2139,0.1,12,146,146,3,147,NA,2006.47826086957,NA,0.813513734601123
0,4,0.2139,0.1,12,146,146,4,147,NA,2006.47826086957,NA,0.813513734601123
0,4,0.2139,0.1,12,146,146,5,147,NA,2006.47826086957,NA,0.813513734601123
0,4,0.2139,0.1,12,146,146,6,147,NA,2006.47826086957,NA,0.813513734601123
-0.5,4.5,0.2643,0.1,12,146,146,1,147,NA,2006.47826086957,NA,0.570162252239898
-0.5,4.5,0.2643,0.1,12,146,146,2,147,NA,2006.47826086957,NA,0.570162252239898
-0.5,4.5,0.2643,0.1,12,146,146,3,147,149,2006.47826086957,2006.56521739130,0.570162252239898
-0.5,4.5,0.2643,0.1,12,146,146,4,147,149,2006.47826086957,2006.56521739130,0.570162252239898
-0.5,4.5,0.2643,0.1,12,146,146,5,147,149,2006.47826086957,2006.56521739130,0.570162252239898
-0.5,4.5,0.2643,0.1,12,146,146,6,147,149,2006.47826086957,2006.56521739130,0.570162252239898
-0.4,4.5,0.2325,0.1,12,146,146,1,147,NA,2006.47826086957,NA,0.723879980129108
-0.4,4.5,0.2325,0.1,12,146,146,2,147,NA,2006.47826086957,NA,0.723879980129108
-0.4,4.5,0.2325,0.1,12,146,146,3,147,149,2006.47826086957,2006.56521739130,0.723879980129108
-0.4,4.5,0.2325,0.1,12,146,146,4,147,149,2006.47826086957,2006.56521739130,0.723879980129108
-0.4,4.5,0.2325,0.1,12,146,146,5,147,149,2006.47826086957,2006.56521739130,0.723879980129108
-0.4,4.5,0.2325,0.1,12,146,146,6,147,149,2006.47826086957,2006.56521739130,0.723879980129108
-0.3,4.5,0.244,0.1,12,146,146,1,147,NA,2006.47826086957,NA,0.673353868940786
-0.3,4.5,0.244,0.1,12,146,146,2,147,NA,2006.47826086957,NA,0.673353868940786
-0.3,4.5,0.244,0.1,12,146,146,3,147,NA,2006.47826086957,NA,0.673353868940786
-0.3,4.5,0.244,0.1,12,146,146,4,147,150,2006.47826086957,2006.60869565217,0.673353868940786
-0.3,4.5,0.244,0.1,12,146,146,5,147,150,2006.47826086957,2006.60869565217,0.673353868940786
-0.3,4.5,0.244,0.1,12,146,146,6,147,150,2006.47826086957,2006.60869565217,0.673353868940786
-0.2,4.5,0.2665,0.1,12,146,146,1,147,NA,2006.47826086957,NA,0.776331449705021
-0.2,4.5,0.2665,0.1,12,146,146,2,147,NA,2006.47826086957,NA,0.776331449705021
-0.2,4.5,0.2665,0.1,12,146,146,3,147,NA,2006.47826086957,NA,0.776331449705021
-0.2,4.5,0.2665,0.1,12,146,146,4,147,NA,2006.47826086957,NA,0.776331449705021
-0.2,4.5,0.2665,0.1,12,146,146,5,147,151,2006.47826086957,2006.65217391304,0.776331449705021
-0.2,4.5,0.2665,0.1,12,146,146,6,147,151,2006.47826086957,2006.65217391304,0.776331449705021
-0.1,4.5,0.2376,0.1,12,146,146,1,147,NA,2006.47826086957,NA,0.67682497484168
-0.1,4.5,0.2376,0.1,12,146,146,2,147,NA,2006.47826086957,NA,0.67682497484168
-0.1,4.5,0.2376,0.1,12,146,146,3,147,NA,2006.47826086957,NA,0.67682497484168
-0.1,4.5,0.2376,0.1,12,146,146,4,147,NA,2006.47826086957,NA,0.67682497484168
-0.1,4.5,0.2376,0.1,12,146,146,5,147,NA,2006.47826086957,NA,0.67682497484168
-0.1,4.5,0.2376,0.1,12,146,146,6,147,NA,2006.47826086957,NA,0.67682497484168
0,4.5,0.2668,0.1,12,146,146,1,147,NA,2006.47826086957,NA,0.755868333708636
0,4.5,0.2668,0.1,12,146,146,2,147,NA,2006.47826086957,NA,0.755868333708636
0,4.5,0.2668,0.1,12,146,146,3,147,NA,2006.47826086957,NA,0.755868333708636
0,4.5,0.2668,0.1,12,146,146,4,147,NA,2006.47826086957,NA,0.755868333708636
0,4.5,0.2668,0.1,12,146,146,5,147,NA,2006.47826086957,NA,0.755868333708636
0,4.5,0.2668,0.1,12,146,146,6,147,NA,2006.47826086957,NA,0.755868333708636
-0.5,5,0.2701,0.1,12,146,146,1,147,NA,2006.47826086957,NA,0.489548371607499
-0.5,5,0.2701,0.1,12,146,146,2,147,NA,2006.47826086957,NA,0.489548371607499
-0.5,5,0.2701,0.1,12,146,146,3,147,149,2006.47826086957,2006.56521739130,0.489548371607499
-0.5,5,0.2701,0.1,12,146,146,4,147,149,2006.47826086957,2006.56521739130,0.489548371607499
-0.5,5,0.2701,0.1,12,146,146,5,147,149,2006.47826086957,2006.56521739130,0.489548371607499
-0.5,5,0.2701,0.1,12,146,146,6,147,149,2006.47826086957,2006.56521739130,0.489548371607499
-0.4,5,0.2652,0.1,12,146,146,1,147,NA,2006.47826086957,NA,0.800406776487962
-0.4,5,0.2652,0.1,12,146,146,2,147,NA,2006.47826086957,NA,0.800406776487962
-0.4,5,0.2652,0.1,12,146,146,3,147,NA,2006.47826086957,NA,0.800406776487962
-0.4,5,0.2652,0.1,12,146,146,4,147,NA,2006.47826086957,NA,0.800406776487962
-0.4,5,0.2652,0.1,12,146,146,5,147,151,2006.47826086957,2006.65217391304,0.800406776487962
-0.4,5,0.2652,0.1,12,146,146,6,147,151,2006.47826086957,2006.65217391304,0.800406776487962
-0.3,5,0.2627,0.1,12,146,146,1,147,NA,2006.47826086957,NA,0.561111978229906
-0.3,5,0.2627,0.1,12,146,146,2,147,NA,2006.47826086957,NA,0.561111978229906
-0.3,5,0.2627,0.1,12,146,146,3,147,NA,2006.47826086957,NA,0.561111978229906
-0.3,5,0.2627,0.1,12,146,146,4,147,NA,2006.47826086957,NA,0.561111978229906
-0.3,5,0.2627,0.1,12,146,146,5,147,151,2006.47826086957,2006.65217391304,0.561111978229906
-0.3,5,0.2627,0.1,12,146,146,6,147,151,2006.47826086957,2006.65217391304,0.561111978229906
-0.2,5,0.2489,0.1,12,146,146,1,147,NA,2006.47826086957,NA,0.604185776018574
-0.2,5,0.2489,0.1,12,146,146,2,147,NA,2006.47826086957,NA,0.604185776018574
-0.2,5,0.2489,0.1,12,146,146,3,147,NA,2006.47826086957,NA,0.604185776018574
-0.2,5,0.2489,0.1,12,146,146,4,147,150,2006.47826086957,2006.60869565217,0.604185776018574
-0.2,5,0.2489,0.1,12,146,146,5,147,150,2006.47826086957,2006.60869565217,0.604185776018574
-0.2,5,0.2489,0.1,12,146,146,6,147,150,2006.47826086957,2006.60869565217,0.604185776018574
-0.1,5,0.2557,0.1,12,146,146,1,147,NA,2006.47826086957,NA,0.832498044830556
-0.1,5,0.2557,0.1,12,146,146,2,147,NA,2006.47826086957,NA,0.832498044830556
-0.1,5,0.2557,0.1,12,146,146,3,147,NA,2006.47826086957,NA,0.832498044830556
-0.1,5,0.2557,0.1,12,146,146,4,147,NA,2006.47826086957,NA,0.832498044830556
-0.1,5,0.2557,0.1,12,146,146,5,147,NA,2006.47826086957,NA,0.832498044830556
-0.1,5,0.2557,0.1,12,146,146,6,147,NA,2006.47826086957,NA,0.832498044830556
0,5,0.2022,0.1,12,146,146,1,147,NA,2006.47826086957,NA,0.748939285355839
0,5,0.2022,0.1,12,146,146,2,147,NA,2006.47826086957,NA,0.748939285355839
0,5,0.2022,0.1,12,146,146,3,147,NA,2006.47826086957,NA,0.748939285355839
0,5,0.2022,0.1,12,146,146,4,147,NA,2006.47826086957,NA,0.748939285355839
0,5,0.2022,0.1,12,146,146,5,147,NA,2006.47826086957,NA,0.748939285355839
0,5,0.2022,0.1,12,146,146,6,147,NA,2006.47826086957,NA,0.748939285355839
-0.5,5.5,0.2655,0.1,12,146,146,1,147,NA,2006.47826086957,NA,0.560578189808025
-0.5,5.5,0.2655,0.1,12,146,146,2,147,NA,2006.47826086957,NA,0.560578189808025
-0.5,5.5,0.2655,0.1,12,146,146,3,147,149,2006.47826086957,2006.56521739130,0.560578189808025
-0.5,5.5,0.2655,0.1,12,146,146,4,147,149,2006.47826086957,2006.56521739130,0.560578189808025
-0.5,5.5,0.2655,0.1,12,146,146,5,147,149,2006.47826086957,2006.56521739130,0.560578189808025
-0.5,5.5,0.2655,0.1,12,146,146,6,147,149,2006.47826086957,2006.56521739130,0.560578189808025
-0.4,5.5,0.2514,0.1,12,146,146,1,147,NA,2006.47826086957,NA,0.801588920521877
-0.4,5.5,0.2514,0.1,12,146,146,2,147,NA,2006.47826086957,NA,0.801588920521877
-0.4,5.5,0.2514,0.1,12,146,146,3,147,149,2006.47826086957,2006.56521739130,0.801588920521877
-0.4,5.5,0.2514,0.1,12,146,146,4,147,149,2006.47826086957,2006.56521739130,0.801588920521877
-0.4,5.5,0.2514,0.1,12,146,146,5,147,149,2006.47826086957,2006.56521739130,0.801588920521877
-0.4,5.5,0.2514,0.1,12,146,146,6,147,149,2006.47826086957,2006.56521739130,0.801588920521877
-0.3,5.5,0.2985,0.1,12,146,146,1,147,NA,2006.47826086957,NA,0.781451377190277
-0.3,5.5,0.2985,0.1,12,146,146,2,147,NA,2006.47826086957,NA,0.781451377190277
-0.3,5.5,0.2985,0.1,12,146,146,3,147,NA,2006.47826086957,NA,0.781451377190277
-0.3,5.5,0.2985,0.1,12,146,146,4,147,150,2006.47826086957,2006.60869565217,0.781451377190277
-0.3,5.5,0.2985,0.1,12,146,146,5,147,150,2006.47826086957,2006.60869565217,0.781451377190277
-0.3,5.5,0.2985,0.1,12,146,146,6,147,150,2006.47826086957,2006.60869565217,0.781451377190277
-0.2,5.5,0.2481,0.1,12,146,146,1,147,NA,2006.47826086957,NA,0.565264133431396
-0.2,5.5,0.2481,0.1,12,146,146,2,147,NA,2006.47826086957,NA,0.565264133431396
-0.2,5.5,0.2481,0.1,12,146,146,3,147,NA,2006.47826086957,NA,0.565264133431396
-0.2,5.5,0.2481,0.1,12,146,146,4,147,NA,2006.47826086957,NA,0.565264133431396
-0.2,5.5,0.2481,0.1,12,146,146,5,147,NA,2006.47826086957,NA,0.565264133431396
-0.2,5.5,0.2481,0.1,12,146,146,6,147,NA,2006.47826086957,NA,0.565264133431396
-0.1,5.5,0.2702,0.1,12,146,146,1,147,NA,2006.47826086957,NA,0.5894708496168
-0.1,5.5,0.2702,0.1,12,146,146,2,147,NA,2006.47826086957,NA,0.5894708496168
-0.1,5.5,0.2702,0.1,12,146,146,3,147,NA,2006.47826086957,NA,0.5894708496168
-0.1,5.5,0.2702,0.1,12,146,146,4,147,NA,2006.47826086957,NA,0.5894708496168
-0.1,5.5,0.2702,0.1,12,146,146,5,147,NA,2006.47826086957,NA,0.5894708496168
-0.1,5.5,0.2702,0.1,12,146,146,6,147,NA,2006.47826086957,NA,0.5894708496168
0,5.5,0.3158,0.1,12,146,146,1,147,NA,2006.47826086957,NA,0.525870115683381
0,5.5,0.3158,0.1,12,146,146,2,147,NA,2006.47826086957,NA,0.525870115683381
0,5.5,0.3158,0.1,12,146,146,3,147,NA,2006.47826086957,NA,0.525870115683381
0,5.5,0.3158,0.1,12,146,146,4,147,NA,2006.47826086957,NA,0.525870115683381
0,5.5,0.3158,0.1,12,146,146,5,147,NA,2006.47826086957,NA,0.525870115683381
0,5.5,0.3158,0.1,12,146,146,6,147,NA,2006.47826086957,NA,0.525870115683381
-0.5,6,0.3218,0.1,12,146,146,1,147,NA,2006.47826086957,NA,0.500494790093251
-0.5,6,0.3218,0.1,12,146,146,2,147,NA,2006.47826086957,NA,0.500494790093251
-0.5,6,0.3218,0.1,12,146,146,3,147,149,2006.47826086957,2006.56521739130,0.500494790093251
-0.5,6,0.3218,0.1,12,146,146,4,147,149,2006.47826086957,2006.56521739130,0.500494790093251
-0.5,6,0.3218,0.1,12,146,146,5,147,149,2006.47826086957,2006.56521739130,0.500494790093251
-0.5,6,0.3218,0.1,12,146,146,6,147,149,2006.47826086957,2006.56521739130,0.500494790093251
-0.4,6,0.3012,0.1,12,146,146,1,147,NA,2006.47826086957,NA,0.598619063411988
-0.4,6,0.3012,0.1,12,146,146,2,147,NA,2006.47826086957,NA,0.598619063411988
-0.4,6,0.3012,0.1,12,146,146,3,147,NA,2006.47826086957,NA,0.598619063411988
-0.4,6,0.3012,0.1,12,146,146,4,147,150,2006.47826086957,2006.60869565217,0.598619063411988
-0.4,6,0.3012,0.1,12,146,146,5,147,150,2006.47826086957,2006.60869565217,0.598619063411988
-0.4,6,0.3012,0.1,12,146,146,6,147,150,2006.47826086957,2006.60869565217,0.598619063411988
-0.3,6,0.3415,0.1,12,146,146,1,147,NA,2006.47826086957,NA,0.563374543381936
-0.3,6,0.3415,0.1,12,146,146,2,147,NA,2006.47826086957,NA,0.563374543381936
-0.3,6,0.3415,0.1,12,146,146,3,147,NA,2006.47826086957,NA,0.563374543381936
-0.3,6,0.3415,0.1,12,146,146,4,147,NA,2006.47826086957,NA,0.563374543381936
-0.3,6,0.3415,0.1,12,146,146,5,147,NA,2006.47826086957,NA,0.563374543381936
-0.3,6,0.3415,0.1,12,146,146,6,147,152,2006.47826086957,2006.69565217391,0.563374543381936
-0.2,6,0.2492,0.1,12,146,146,1,147,NA,2006.47826086957,NA,0.95028968026458
-0.2,6,0.2492,0.1,12,146,146,2,147,NA,2006.47826086957,NA,0.95028968026458
-0.2,6,0.2492,0.1,12,146,146,3,147,NA,2006.47826086957,NA,0.95028968026458
-0.2,6,0.2492,0.1,12,146,146,4,147,NA,2006.47826086957,NA,0.95028968026458
-0.2,6,0.2492,0.1,12,146,146,5,147,NA,2006.47826086957,NA,0.95028968026458
-0.2,6,0.2492,0.1,12,146,146,6,147,NA,2006.47826086957,NA,0.95028968026458
-0.1,6,0.2933,0.1,12,146,50,1,147,NA,2006.47826086957,NA,0.70397958229287
-0.1,6,0.2933,0.1,12,146,50,2,147,NA,2006.47826086957,NA,0.70397958229287
-0.1,6,0.2933,0.1,12,146,50,3,147,NA,2006.47826086957,NA,0.70397958229287
-0.1,6,0.2933,0.1,12,146,50,4,147,NA,2006.47826086957,NA,0.70397958229287
-0.1,6,0.2933,0.1,12,146,50,5,147,NA,2006.47826086957,NA,0.70397958229287
-0.1,6,0.2933,0.1,12,146,50,6,147,NA,2006.47826086957,NA,0.70397958229287
0,6,0.2889,0.1,12,146,146,1,147,NA,2006.47826086957,NA,0.640181306157112
0,6,0.2889,0.1,12,146,146,2,147,NA,2006.47826086957,NA,0.640181306157112
0,6,0.2889,0.1,12,146,146,3,147,NA,2006.47826086957,NA,0.640181306157112
0,6,0.2889,0.1,12,146,146,4,147,NA,2006.47826086957,NA,0.640181306157112
0,6,0.2889,0.1,12,146,146,5,147,NA,2006.47826086957,NA,0.640181306157112
0,6,0.2889,0.1,12,146,146,6,147,NA,2006.47826086957,NA,0.640181306157112
-0.5,6.5,0.3632,0.1,12,146,146,1,147,NA,2006.47826086957,NA,0.532635033035952
-0.5,6.5,0.3632,0.1,12,146,146,2,147,NA,2006.47826086957,NA,0.532635033035952
-0.5,6.5,0.3632,0.1,12,146,146,3,147,NA,2006.47826086957,NA,0.532635033035952
-0.5,6.5,0.3632,0.1,12,146,146,4,147,150,2006.47826086957,2006.60869565217,0.532635033035952
-0.5,6.5,0.3632,0.1,12,146,146,5,147,150,2006.47826086957,2006.60869565217,0.532635033035952
-0.5,6.5,0.3632,0.1,12,146,146,6,147,150,2006.47826086957,2006.60869565217,0.532635033035952
-0.4,6.5,0.3042,0.1,12,146,146,1,147,NA,2006.47826086957,NA,0.601510884225082
-0.4,6.5,0.3042,0.1,12,146,146,2,147,NA,2006.47826086957,NA,0.601510884225082
-0.4,6.5,0.3042,0.1,12,146,146,3,147,149,2006.47826086957,2006.56521739130,0.601510884225082
-0.4,6.5,0.3042,0.1,12,146,146,4,147,149,2006.47826086957,2006.56521739130,0.601510884225082
-0.4,6.5,0.3042,0.1,12,146,146,5,147,149,2006.47826086957,2006.56521739130,0.601510884225082
-0.4,6.5,0.3042,0.1,12,146,146,6,147,149,2006.47826086957,2006.56521739130,0.601510884225082
-0.3,6.5,0.3068,0.1,12,146,146,1,147,NA,2006.47826086957,NA,0.696878114675194
-0.3,6.5,0.3068,0.1,12,146,146,2,147,NA,2006.47826086957,NA,0.696878114675194
-0.3,6.5,0.3068,0.1,12,146,146,3,147,NA,2006.47826086957,NA,0.696878114675194
-0.3,6.5,0.3068,0.1,12,146,146,4,147,150,2006.47826086957,2006.60869565217,0.696878114675194
-0.3,6.5,0.3068,0.1,12,146,146,5,147,150,2006.47826086957,2006.60869565217,0.696878114675194
-0.3,6.5,0.3068,0.1,12,146,146,6,147,150,2006.47826086957,2006.60869565217,0.696878114675194
-0.2,6.5,0.3487,0.1,12,146,146,1,147,NA,2006.47826086957,NA,0.521596458819988
-0.2,6.5,0.3487,0.1,12,146,146,2,147,NA,2006.47826086957,NA,0.521596458819988
-0.2,6.5,0.3487,0.1,12,146,146,3,147,NA,2006.47826086957,NA,0.521596458819988
-0.2,6.5,0.3487,0.1,12,146,146,4,147,NA,2006.47826086957,NA,0.521596458819988
-0.2,6.5,0.3487,0.1,12,146,146,5,147,NA,2006.47826086957,NA,0.521596458819988
-0.2,6.5,0.3487,0.1,12,146,146,6,147,NA,2006.47826086957,NA,0.521596458819988
-0.1,6.5,0.3803,0.1,12,146,146,1,147,NA,2006.47826086957,NA,0.568349251594161
-0.1,6.5,0.3803,0.1,12,146,146,2,147,NA,2006.47826086957,NA,0.568349251594161
-0.1,6.5,0.3803,0.1,12,146,146,3,147,NA,2006.47826086957,NA,0.568349251594161
-0.1,6.5,0.3803,0.1,12,146,146,4,147,NA,2006.47826086957,NA,0.568349251594161
-0.1,6.5,0.3803,0.1,12,146,146,5,147,NA,2006.47826086957,NA,0.568349251594161
-0.1,6.5,0.3803,0.1,12,146,146,6,147,NA,2006.47826086957,NA,0.568349251594161
0,6.5,0.3737,0.1,12,146,146,1,147,NA,2006.47826086957,NA,0.55012036749884
0,6.5,0.3737,0.1,12,146,146,2,147,NA,2006.47826086957,NA,0.55012036749884
0,6.5,0.3737,0.1,12,146,146,3,147,NA,2006.47826086957,NA,0.55012036749884
0,6.5,0.3737,0.1,12,146,146,4,147,NA,2006.47826086957,NA,0.55012036749884
0,6.5,0.3737,0.1,12,146,146,5,147,NA,2006.47826086957,NA,0.55012036749884
0,6.5,0.3737,0.1,12,146,146,6,147,NA,2006.47826086957,NA,0.55012036749884
-0.5,7,0.3293,0.1,12,146,146,1,147,NA,2006.47826086957,NA,0.535467937902398
-0.5,7,0.3293,0.1,12,146,146,2,147,NA,2006.47826086957,NA,0.535467937902398
-0.5,7,0.3293,0.1,12,146,146,3,147,149,2006.47826086957,2006.56521739130,0.535467937902398
-0.5,7,0.3293,0.1,12,146,146,4,147,149,2006.47826086957,2006.56521739130,0.535467937902398
-0.5,7,0.3293,0.1,12,146,146,5,147,149,2006.47826086957,2006.56521739130,0.535467937902398
-0.5,7,0.3293,0.1,12,146,146,6,147,149,2006.47826086957,2006.56521739130,0.535467937902398
-0.4,7,0.4197,0.1,12,146,146,1,147,NA,2006.47826086957,NA,0.582272405899199
-0.4,7,0.4197,0.1,12,146,146,2,147,NA,2006.47826086957,NA,0.582272405899199
-0.4,7,0.4197,0.1,12,146,146,3,147,NA,2006.47826086957,NA,0.582272405899199
-0.4,7,0.4197,0.1,12,146,146,4,147,NA,2006.47826086957,NA,0.582272405899199
-0.4,7,0.4197,0.1,12,146,146,5,147,151,2006.47826086957,2006.65217391304,0.582272405899199
-0.4,7,0.4197,0.1,12,146,146,6,147,151,2006.47826086957,2006.65217391304,0.582272405899199
-0.3,7,0.4127,0.1,12,146,146,1,147,NA,2006.47826086957,NA,0.573938326873821
-0.3,7,0.4127,0.1,12,146,146,2,147,NA,2006.47826086957,NA,0.573938326873821
-0.3,7,0.4127,0.1,12,146,146,3,147,NA,2006.47826086957,NA,0.573938326873821
-0.3,7,0.4127,0.1,12,146,146,4,147,NA,2006.47826086957,NA,0.573938326873821
-0.3,7,0.4127,0.1,12,146,146,5,147,NA,2006.47826086957,NA,0.573938326873821
-0.3,7,0.4127,0.1,12,146,146,6,147,NA,2006.47826086957,NA,0.573938326873821
-0.2,7,0.3609,0.1,12,146,146,1,147,NA,2006.47826086957,NA,0.691964969471742
-0.2,7,0.3609,0.1,12,146,146,2,147,NA,2006.47826086957,NA,0.691964969471742
-0.2,7,0.3609,0.1,12,146,146,3,147,NA,2006.47826086957,NA,0.691964969471742
-0.2,7,0.3609,0.1,12,146,146,4,147,NA,2006.47826086957,NA,0.691964969471742
-0.2,7,0.3609,0.1,12,146,146,5,147,NA,2006.47826086957,NA,0.691964969471742
-0.2,7,0.3609,0.1,12,146,146,6,147,NA,2006.47826086957,NA,0.691964969471742
-0.1,7,0.378,0.1,12,146,146,1,147,NA,2006.47826086957,NA,0.776782206656803
-0.1,7,0.378,0.1,12,146,146,2,147,NA,2006.47826086957,NA,0.776782206656803
-0.1,7,0.378,0.1,12,146,146,3,147,NA,2006.47826086957,NA,0.776782206656803
-0.1,7,0.378,0.1,12,146,146,4,147,NA,2006.47826086957,NA,0.776782206656803
-0.1,7,0.378,0.1,12,146,146,5,147,NA,2006.47826086957,NA,0.776782206656803
-0.1,7,0.378,0.1,12,146,146,6,147,NA,2006.47826086957,NA,0.776782206656803
0,7,0.3136,0.1,12,146,146,1,147,NA,2006.47826086957,NA,0.487462339293048
0,7,0.3136,0.1,12,146,146,2,147,NA,2006.47826086957,NA,0.487462339293048
0,7,0.3136,0.1,12,146,146,3,147,NA,2006.47826086957,NA,0.487462339293048
0,7,0.3136,0.1,12,146,146,4,147,NA,2006.47826086957,NA,0.487462339293048
0,7,0.3136,0.1,12,146,146,5,147,NA,2006.47826086957,NA,0.487462339293048
0,7,0.3136,0.1,12,146,146,6,147,NA,2006.47826086957,NA,0.487462339293048
-0.5,7.5,0.4193,0.1,12,146,146,1,147,NA,2006.47826086957,NA,0.562353923654627
-0.5,7.5,0.4193,0.1,12,146,146,2,147,NA,2006.47826086957,NA,0.562353923654627
-0.5,7.5,0.4193,0.1,12,146,146,3,147,149,2006.47826086957,2006.56521739130,0.562353923654627
-0.5,7.5,0.4193,0.1,12,146,146,4,147,149,2006.47826086957,2006.56521739130,0.562353923654627
-0.5,7.5,0.4193,0.1,12,146,146,5,147,149,2006.47826086957,2006.56521739130,0.562353923654627
-0.5,7.5,0.4193,0.1,12,146,146,6,147,149,2006.47826086957,2006.56521739130,0.562353923654627
-0.4,7.5,0.3503,0.1,12,146,146,1,147,NA,2006.47826086957,NA,0.652846971870929
-0.4,7.5,0.3503,0.1,12,146,146,2,147,NA,2006.47826086957,NA,0.652846971870929
-0.4,7.5,0.3503,0.1,12,146,146,3,147,NA,2006.47826086957,NA,0.652846971870929
-0.4,7.5,0.3503,0.1,12,146,146,4,147,NA,2006.47826086957,NA,0.652846971870929
-0.4,7.5,0.3503,0.1,12,146,146,5,147,151,2006.47826086957,2006.65217391304,0.652846971870929
-0.4,7.5,0.3503,0.1,12,146,146,6,147,151,2006.47826086957,2006.65217391304,0.652846971870929
-0.3,7.5,0.3624,0.1,12,146,146,1,147,NA,2006.47826086957,NA,0.75646443286316
-0.3,7.5,0.3624,0.1,12,146,146,2,147,NA,2006.47826086957,NA,0.75646443286316
-0.3,7.5,0.3624,0.1,12,146,146,3,147,NA,2006.47826086957,NA,0.75646443286316
-0.3,7.5,0.3624,0.1,12,146,146,4,147,NA,2006.47826086957,NA,0.75646443286316
-0.3,7.5,0.3624,0.1,12,146,146,5,147,NA,2006.47826086957,NA,0.75646443286316
-0.3,7.5,0.3624,0.1,12,146,146,6,147,NA,2006.47826086957,NA,0.75646443286316
-0.2,7.5,0.3364,0.1,12,146,146,1,147,NA,2006.47826086957,NA,0.745596024914268
-0.2,7.5,0.3364,0.1,12,146,146,2,147,NA,2006.47826086957,NA,0.745596024914268
-0.2,7.5,0.3364,0.1,12,146,146,3,147,NA,2006.47826086957,NA,0.745596024914268
-0.2,7.5,0.3364,0.1,12,146,146,4,147,NA,2006.47826086957,NA,0.745596024914268
-0.2,7.5,0.3364,0.1,12,146,146,5,147,NA,2006.47826086957,NA,0.745596024914268
-0.2,7.5,0.3364,0.1,12,146,146,6,147,NA,2006.47826086957,NA,0.745596024914268
-0.1,7.5,0.4209,0.1,12,146,146,1,147,NA,2006.47826086957,NA,0.740892989930621
-0.1,7.5,0.4209,0.1,12,146,146,2,147,NA,2006.47826086957,NA,0.740892989930621
-0.1,7.5,0.4209,0.1,12,146,146,3,147,NA,2006.47826086957,NA,0.740892989930621
-0.1,7.5,0.4209,0.1,12,146,146,4,147,NA,2006.47826086957,NA,0.740892989930621
-0.1,7.5,0.4209,0.1,12,146,146,5,147,NA,2006.47826086957,NA,0.740892989930621
-0.1,7.5,0.4209,0.1,12,146,146,6,147,NA,2006.47826086957,NA,0.740892989930621
0,7.5,0.4515,0.1,12,146,146,1,147,NA,2006.47826086957,NA,0.418094716416095
0,7.5,0.4515,0.1,12,146,146,2,147,NA,2006.47826086957,NA,0.418094716416095
0,7.5,0.4515,0.1,12,146,146,3,147,NA,2006.47826086957,NA,0.418094716416095
0,7.5,0.4515,0.1,12,146,146,4,147,NA,2006.47826086957,NA,0.418094716416095
0,7.5,0.4515,0.1,12,146,146,5,147,NA,2006.47826086957,NA,0.418094716416095
0,7.5,0.4515,0.1,12,146,146,6,147,NA,2006.47826086957,NA,0.418094716416095
-0.5,8,0.4177,0.1,12,146,146,1,147,NA,2006.47826086957,NA,0.570985433437482
-0.5,8,0.4177,0.1,12,146,146,2,147,NA,2006.47826086957,NA,0.570985433437482
-0.5,8,0.4177,0.1,12,146,146,3,147,NA,2006.47826086957,NA,0.570985433437482
-0.5,8,0.4177,0.1,12,146,146,4,147,150,2006.47826086957,2006.60869565217,0.570985433437482
-0.5,8,0.4177,0.1,12,146,146,5,147,150,2006.47826086957,2006.60869565217,0.570985433437482
-0.5,8,0.4177,0.1,12,146,146,6,147,150,2006.47826086957,2006.60869565217,0.570985433437482
-0.4,8,0.3833,0.1,12,146,146,1,147,NA,2006.47826086957,NA,0.531998104048068
-0.4,8,0.3833,0.1,12,146,146,2,147,NA,2006.47826086957,NA,0.531998104048068
-0.4,8,0.3833,0.1,12,146,146,3,147,NA,2006.47826086957,NA,0.531998104048068
-0.4,8,0.3833,0.1,12,146,146,4,147,150,2006.47826086957,2006.60869565217,0.531998104048068
-0.4,8,0.3833,0.1,12,146,146,5,147,150,2006.47826086957,2006.60869565217,0.531998104048068
-0.4,8,0.3833,0.1,12,146,146,6,147,150,2006.47826086957,2006.60869565217,0.531998104048068
-0.3,8,0.4139,0.1,12,146,146,1,147,NA,2006.47826086957,NA,0.529900701176381
-0.3,8,0.4139,0.1,12,146,146,2,147,NA,2006.47826086957,NA,0.529900701176381
-0.3,8,0.4139,0.1,12,146,146,3,147,NA,2006.47826086957,NA,0.529900701176381
-0.3,8,0.4139,0.1,12,146,146,4,147,NA,2006.47826086957,NA,0.529900701176381
-0.3,8,0.4139,0.1,12,146,146,5,147,NA,2006.47826086957,NA,0.529900701176381
-0.3,8,0.4139,0.1,12,146,146,6,147,152,2006.47826086957,2006.69565217391,0.529900701176381
-0.2,8,0.3834,0.1,12,146,146,1,147,NA,2006.47826086957,NA,0.725162625444071
-0.2,8,0.3834,0.1,12,146,146,2,147,NA,2006.47826086957,NA,0.725162625444071
-0.2,8,0.3834,0.1,12,146,146,3,147,NA,2006.47826086957,NA,0.725162625444071
-0.2,8,0.3834,0.1,12,146,146,4,147,NA,2006.47826086957,NA,0.725162625444071
-0.2,8,0.3834,0.1,12,146,146,5,147,NA,2006.47826086957,NA,0.725162625444071
-0.2,8,0.3834,0.1,12,146,146,6,147,NA,2006.47826086957,NA,0.725162625444071
-0.1,8,0.434,0.1,12,146,146,1,147,NA,2006.47826086957,NA,0.476505137458642
-0.1,8,0.434,0.1,12,146,146,2,147,NA,2006.47826086957,NA,0.476505137458642
-0.1,8,0.434,0.1,12,146,146,3,147,NA,2006.47826086957,NA,0.476505137458642
-0.1,8,0.434,0.1,12,146,146,4,147,NA,2006.47826086957,NA,0.476505137458642
-0.1,8,0.434,0.1,12,146,146,5,147,NA,2006.47826086957,NA,0.476505137458642
-0.1,8,0.434,0.1,12,146,146,6,147,NA,2006.47826086957,NA,0.476505137458642
0,8,0.4749,0.1,12,146,146,1,147,NA,2006.47826086957,NA,0.440715923672684
0,8,0.4749,0.1,12,146,146,2,147,NA,2006.47826086957,NA,0.440715923672684
0,8,0.4749,0.1,12,146,146,3,147,NA,2006.47826086957,NA,0.440715923672684
0,8,0.4749,0.1,12,146,146,4,147,NA,2006.47826086957,NA,0.440715923672684
0,8,0.4749,0.1,12,146,146,5,147,NA,2006.47826086957,NA,0.440715923672684
0,8,0.4749,0.1,12,146,146,6,147,NA,2006.47826086957,NA,0.440715923672684
-0.5,0,0.1,0.3,12,146,146,1,147,NA,2006.47826086957,NA,2.30261853432452
-0.5,0,0.1,0.3,12,146,146,2,147,148,2006.47826086957,2006.52173913043,2.30261853432452
-0.5,0,0.1,0.3,12,146,146,3,147,148,2006.47826086957,2006.52173913043,2.30261853432452
-0.5,0,0.1,0.3,12,146,146,4,147,148,2006.47826086957,2006.52173913043,2.30261853432452
-0.5,0,0.1,0.3,12,146,146,5,147,148,2006.47826086957,2006.52173913043,2.30261853432452
-0.5,0,0.1,0.3,12,146,146,6,147,148,2006.47826086957,2006.52173913043,2.30261853432452
-0.4,0,0.1,0.3,12,146,146,1,147,NA,2006.47826086957,NA,2.29872779009200
-0.4,0,0.1,0.3,12,146,146,2,147,148,2006.47826086957,2006.52173913043,2.29872779009200
-0.4,0,0.1,0.3,12,146,146,3,147,148,2006.47826086957,2006.52173913043,2.29872779009200
-0.4,0,0.1,0.3,12,146,146,4,147,148,2006.47826086957,2006.52173913043,2.29872779009200
-0.4,0,0.1,0.3,12,146,146,5,147,148,2006.47826086957,2006.52173913043,2.29872779009200
-0.4,0,0.1,0.3,12,146,146,6,147,148,2006.47826086957,2006.52173913043,2.29872779009200
-0.3,0,0.1,0.3,12,146,146,1,147,NA,2006.47826086957,NA,1.98358749663724
-0.3,0,0.1,0.3,12,146,146,2,147,148,2006.47826086957,2006.52173913043,1.98358749663724
-0.3,0,0.1,0.3,12,146,146,3,147,148,2006.47826086957,2006.52173913043,1.98358749663724
-0.3,0,0.1,0.3,12,146,146,4,147,148,2006.47826086957,2006.52173913043,1.98358749663724
-0.3,0,0.1,0.3,12,146,146,5,147,148,2006.47826086957,2006.52173913043,1.98358749663724
-0.3,0,0.1,0.3,12,146,146,6,147,148,2006.47826086957,2006.52173913043,1.98358749663724
-0.2,0,0.1,0.3,12,146,146,1,147,NA,2006.47826086957,NA,1.99171835034137
-0.2,0,0.1,0.3,12,146,146,2,147,NA,2006.47826086957,NA,1.99171835034137
-0.2,0,0.1,0.3,12,146,146,3,147,149,2006.47826086957,2006.56521739130,1.99171835034137
-0.2,0,0.1,0.3,12,146,146,4,147,149,2006.47826086957,2006.56521739130,1.99171835034137
-0.2,0,0.1,0.3,12,146,146,5,147,149,2006.47826086957,2006.56521739130,1.99171835034137
-0.2,0,0.1,0.3,12,146,146,6,147,149,2006.47826086957,2006.56521739130,1.99171835034137
-0.1,0,0.1,0.3,12,146,146,1,147,NA,2006.47826086957,NA,1.99750766408684
-0.1,0,0.1,0.3,12,146,146,2,147,NA,2006.47826086957,NA,1.99750766408684
-0.1,0,0.1,0.3,12,146,146,3,147,NA,2006.47826086957,NA,1.99750766408684
-0.1,0,0.1,0.3,12,146,146,4,147,150,2006.47826086957,2006.60869565217,1.99750766408684
-0.1,0,0.1,0.3,12,146,146,5,147,150,2006.47826086957,2006.60869565217,1.99750766408684
-0.1,0,0.1,0.3,12,146,146,6,147,150,2006.47826086957,2006.60869565217,1.99750766408684
0,0,0.1,0.3,12,146,146,1,147,NA,2006.47826086957,NA,1.9791409624388
0,0,0.1,0.3,12,146,146,2,147,NA,2006.47826086957,NA,1.9791409624388
0,0,0.1,0.3,12,146,146,3,147,NA,2006.47826086957,NA,1.9791409624388
0,0,0.1,0.3,12,146,146,4,147,NA,2006.47826086957,NA,1.9791409624388
0,0,0.1,0.3,12,146,146,5,147,NA,2006.47826086957,NA,1.9791409624388
0,0,0.1,0.3,12,146,146,6,147,NA,2006.47826086957,NA,1.9791409624388
-0.5,0.5,0.1133,0.3,12,146,146,1,147,NA,2006.47826086957,NA,2.67767194207978
-0.5,0.5,0.1133,0.3,12,146,146,2,147,148,2006.47826086957,2006.52173913043,2.67767194207978
-0.5,0.5,0.1133,0.3,12,146,146,3,147,148,2006.47826086957,2006.52173913043,2.67767194207978
-0.5,0.5,0.1133,0.3,12,146,146,4,147,148,2006.47826086957,2006.52173913043,2.67767194207978
-0.5,0.5,0.1133,0.3,12,146,146,5,147,148,2006.47826086957,2006.52173913043,2.67767194207978
-0.5,0.5,0.1133,0.3,12,146,146,6,147,148,2006.47826086957,2006.52173913043,2.67767194207978
-0.4,0.5,0.1176,0.3,12,146,146,1,147,NA,2006.47826086957,NA,1.45058391414338
-0.4,0.5,0.1176,0.3,12,146,146,2,147,148,2006.47826086957,2006.52173913043,1.45058391414338
-0.4,0.5,0.1176,0.3,12,146,146,3,147,148,2006.47826086957,2006.52173913043,1.45058391414338
-0.4,0.5,0.1176,0.3,12,146,146,4,147,148,2006.47826086957,2006.52173913043,1.45058391414338
-0.4,0.5,0.1176,0.3,12,146,146,5,147,148,2006.47826086957,2006.52173913043,1.45058391414338
-0.4,0.5,0.1176,0.3,12,146,146,6,147,148,2006.47826086957,2006.52173913043,1.45058391414338
-0.3,0.5,0.1142,0.3,12,146,146,1,147,NA,2006.47826086957,NA,2.56555974003490
-0.3,0.5,0.1142,0.3,12,146,146,2,147,148,2006.47826086957,2006.52173913043,2.56555974003490
-0.3,0.5,0.1142,0.3,12,146,146,3,147,148,2006.47826086957,2006.52173913043,2.56555974003490
-0.3,0.5,0.1142,0.3,12,146,146,4,147,148,2006.47826086957,2006.52173913043,2.56555974003490
-0.3,0.5,0.1142,0.3,12,146,146,5,147,148,2006.47826086957,2006.52173913043,2.56555974003490
-0.3,0.5,0.1142,0.3,12,146,146,6,147,148,2006.47826086957,2006.52173913043,2.56555974003490
-0.2,0.5,0.1104,0.3,12,146,146,1,147,NA,2006.47826086957,NA,2.73864702421337
-0.2,0.5,0.1104,0.3,12,146,146,2,147,148,2006.47826086957,2006.52173913043,2.73864702421337
-0.2,0.5,0.1104,0.3,12,146,146,3,147,148,2006.47826086957,2006.52173913043,2.73864702421337
-0.2,0.5,0.1104,0.3,12,146,146,4,147,148,2006.47826086957,2006.52173913043,2.73864702421337
-0.2,0.5,0.1104,0.3,12,146,146,5,147,148,2006.47826086957,2006.52173913043,2.73864702421337
-0.2,0.5,0.1104,0.3,12,146,146,6,147,148,2006.47826086957,2006.52173913043,2.73864702421337
-0.1,0.5,0.1156,0.3,12,146,146,1,147,NA,2006.47826086957,NA,2.56983787317171
-0.1,0.5,0.1156,0.3,12,146,146,2,147,NA,2006.47826086957,NA,2.56983787317171
-0.1,0.5,0.1156,0.3,12,146,146,3,147,NA,2006.47826086957,NA,2.56983787317171
-0.1,0.5,0.1156,0.3,12,146,146,4,147,NA,2006.47826086957,NA,2.56983787317171
-0.1,0.5,0.1156,0.3,12,146,146,5,147,151,2006.47826086957,2006.65217391304,2.56983787317171
-0.1,0.5,0.1156,0.3,12,146,146,6,147,151,2006.47826086957,2006.65217391304,2.56983787317171
0,0.5,0.1111,0.3,12,146,146,1,147,NA,2006.47826086957,NA,2.61466881381692
0,0.5,0.1111,0.3,12,146,146,2,147,NA,2006.47826086957,NA,2.61466881381692
0,0.5,0.1111,0.3,12,146,146,3,147,NA,2006.47826086957,NA,2.61466881381692
0,0.5,0.1111,0.3,12,146,146,4,147,NA,2006.47826086957,NA,2.61466881381692
0,0.5,0.1111,0.3,12,146,146,5,147,NA,2006.47826086957,NA,2.61466881381692
0,0.5,0.1111,0.3,12,146,146,6,147,NA,2006.47826086957,NA,2.61466881381692
-0.5,1,0.123,0.3,12,146,146,1,147,NA,2006.47826086957,NA,2.38615982308804
-0.5,1,0.123,0.3,12,146,146,2,147,148,2006.47826086957,2006.52173913043,2.38615982308804
-0.5,1,0.123,0.3,12,146,146,3,147,148,2006.47826086957,2006.52173913043,2.38615982308804
-0.5,1,0.123,0.3,12,146,146,4,147,148,2006.47826086957,2006.52173913043,2.38615982308804
-0.5,1,0.123,0.3,12,146,146,5,147,148,2006.47826086957,2006.52173913043,2.38615982308804
-0.5,1,0.123,0.3,12,146,146,6,147,148,2006.47826086957,2006.52173913043,2.38615982308804
-0.4,1,0.1217,0.3,12,146,146,1,147,NA,2006.47826086957,NA,2.34869839014599
-0.4,1,0.1217,0.3,12,146,146,2,147,148,2006.47826086957,2006.52173913043,2.34869839014599
-0.4,1,0.1217,0.3,12,146,146,3,147,148,2006.47826086957,2006.52173913043,2.34869839014599
-0.4,1,0.1217,0.3,12,146,146,4,147,148,2006.47826086957,2006.52173913043,2.34869839014599
-0.4,1,0.1217,0.3,12,146,146,5,147,148,2006.47826086957,2006.52173913043,2.34869839014599
-0.4,1,0.1217,0.3,12,146,146,6,147,148,2006.47826086957,2006.52173913043,2.34869839014599
-0.3,1,0.1244,0.3,12,146,146,1,147,NA,2006.47826086957,NA,2.30544892692587
-0.3,1,0.1244,0.3,12,146,146,2,147,148,2006.47826086957,2006.52173913043,2.30544892692587
-0.3,1,0.1244,0.3,12,146,146,3,147,148,2006.47826086957,2006.52173913043,2.30544892692587
-0.3,1,0.1244,0.3,12,146,146,4,147,148,2006.47826086957,2006.52173913043,2.30544892692587
-0.3,1,0.1244,0.3,12,146,146,5,147,148,2006.47826086957,2006.52173913043,2.30544892692587
-0.3,1,0.1244,0.3,12,146,146,6,147,148,2006.47826086957,2006.52173913043,2.30544892692587
-0.2,1,0.1246,0.3,12,146,146,1,147,NA,2006.47826086957,NA,2.36316371583658
-0.2,1,0.1246,0.3,12,146,146,2,147,NA,2006.47826086957,NA,2.36316371583658
-0.2,1,0.1246,0.3,12,146,146,3,147,NA,2006.47826086957,NA,2.36316371583658
-0.2,1,0.1246,0.3,12,146,146,4,147,150,2006.47826086957,2006.60869565217,2.36316371583658
-0.2,1,0.1246,0.3,12,146,146,5,147,150,2006.47826086957,2006.60869565217,2.36316371583658
-0.2,1,0.1246,0.3,12,146,146,6,147,150,2006.47826086957,2006.60869565217,2.36316371583658
-0.1,1,0.1241,0.3,12,146,146,1,147,NA,2006.47826086957,NA,2.34363171330627
-0.1,1,0.1241,0.3,12,146,146,2,147,NA,2006.47826086957,NA,2.34363171330627
-0.1,1,0.1241,0.3,12,146,146,3,147,NA,2006.47826086957,NA,2.34363171330627
-0.1,1,0.1241,0.3,12,146,146,4,147,150,2006.47826086957,2006.60869565217,2.34363171330627
-0.1,1,0.1241,0.3,12,146,146,5,147,150,2006.47826086957,2006.60869565217,2.34363171330627
-0.1,1,0.1241,0.3,12,146,146,6,147,150,2006.47826086957,2006.60869565217,2.34363171330627
0,1,0.1212,0.3,12,146,146,1,147,NA,2006.47826086957,NA,2.36879119555599
0,1,0.1212,0.3,12,146,146,2,147,NA,2006.47826086957,NA,2.36879119555599
0,1,0.1212,0.3,12,146,146,3,147,NA,2006.47826086957,NA,2.36879119555599
0,1,0.1212,0.3,12,146,146,4,147,NA,2006.47826086957,NA,2.36879119555599
0,1,0.1212,0.3,12,146,146,5,147,NA,2006.47826086957,NA,2.36879119555599
0,1,0.1212,0.3,12,146,146,6,147,NA,2006.47826086957,NA,2.36879119555599
-0.5,1.5,0.139,0.3,12,146,146,1,147,NA,2006.47826086957,NA,2.40039914292151
-0.5,1.5,0.139,0.3,12,146,146,2,147,148,2006.47826086957,2006.52173913043,2.40039914292151
-0.5,1.5,0.139,0.3,12,146,146,3,147,148,2006.47826086957,2006.52173913043,2.40039914292151
-0.5,1.5,0.139,0.3,12,146,146,4,147,148,2006.47826086957,2006.52173913043,2.40039914292151
-0.5,1.5,0.139,0.3,12,146,146,5,147,148,2006.47826086957,2006.52173913043,2.40039914292151
-0.5,1.5,0.139,0.3,12,146,146,6,147,148,2006.47826086957,2006.52173913043,2.40039914292151
-0.4,1.5,0.1311,0.3,12,146,146,1,147,NA,2006.47826086957,NA,2.18221462373280
-0.4,1.5,0.1311,0.3,12,146,146,2,147,148,2006.47826086957,2006.52173913043,2.18221462373280
-0.4,1.5,0.1311,0.3,12,146,146,3,147,148,2006.47826086957,2006.52173913043,2.18221462373280
-0.4,1.5,0.1311,0.3,12,146,146,4,147,148,2006.47826086957,2006.52173913043,2.18221462373280
-0.4,1.5,0.1311,0.3,12,146,146,5,147,148,2006.47826086957,2006.52173913043,2.18221462373280
-0.4,1.5,0.1311,0.3,12,146,146,6,147,148,2006.47826086957,2006.52173913043,2.18221462373280
-0.3,1.5,0.1389,0.3,12,146,146,1,147,NA,2006.47826086957,NA,2.12517883502025
-0.3,1.5,0.1389,0.3,12,146,146,2,147,NA,2006.47826086957,NA,2.12517883502025
-0.3,1.5,0.1389,0.3,12,146,146,3,147,149,2006.47826086957,2006.56521739130,2.12517883502025
-0.3,1.5,0.1389,0.3,12,146,146,4,147,149,2006.47826086957,2006.56521739130,2.12517883502025
-0.3,1.5,0.1389,0.3,12,146,146,5,147,149,2006.47826086957,2006.56521739130,2.12517883502025
-0.3,1.5,0.1389,0.3,12,146,146,6,147,149,2006.47826086957,2006.56521739130,2.12517883502025
-0.2,1.5,0.1416,0.3,12,146,146,1,147,NA,2006.47826086957,NA,2.20371614361894
-0.2,1.5,0.1416,0.3,12,146,146,2,147,NA,2006.47826086957,NA,2.20371614361894
-0.2,1.5,0.1416,0.3,12,146,146,3,147,149,2006.47826086957,2006.56521739130,2.20371614361894
-0.2,1.5,0.1416,0.3,12,146,146,4,147,149,2006.47826086957,2006.56521739130,2.20371614361894
-0.2,1.5,0.1416,0.3,12,146,146,5,147,149,2006.47826086957,2006.56521739130,2.20371614361894
-0.2,1.5,0.1416,0.3,12,146,146,6,147,149,2006.47826086957,2006.56521739130,2.20371614361894
-0.1,1.5,0.1405,0.3,12,146,146,1,147,NA,2006.47826086957,NA,2.01963761304429
-0.1,1.5,0.1405,0.3,12,146,146,2,147,NA,2006.47826086957,NA,2.01963761304429
-0.1,1.5,0.1405,0.3,12,146,146,3,147,NA,2006.47826086957,NA,2.01963761304429
-0.1,1.5,0.1405,0.3,12,146,146,4,147,NA,2006.47826086957,NA,2.01963761304429
-0.1,1.5,0.1405,0.3,12,146,146,5,147,151,2006.47826086957,2006.65217391304,2.01963761304429
-0.1,1.5,0.1405,0.3,12,146,146,6,147,151,2006.47826086957,2006.65217391304,2.01963761304429
0,1.5,0.1465,0.3,12,146,146,1,147,NA,2006.47826086957,NA,1.82857935713833
0,1.5,0.1465,0.3,12,146,146,2,147,NA,2006.47826086957,NA,1.82857935713833
0,1.5,0.1465,0.3,12,146,146,3,147,NA,2006.47826086957,NA,1.82857935713833
0,1.5,0.1465,0.3,12,146,146,4,147,NA,2006.47826086957,NA,1.82857935713833
0,1.5,0.1465,0.3,12,146,146,5,147,NA,2006.47826086957,NA,1.82857935713833
0,1.5,0.1465,0.3,12,146,146,6,147,NA,2006.47826086957,NA,1.82857935713833
-0.5,2,0.1538,0.3,12,146,146,1,147,NA,2006.47826086957,NA,1.80230906110714
-0.5,2,0.1538,0.3,12,146,146,2,147,148,2006.47826086957,2006.52173913043,1.80230906110714
-0.5,2,0.1538,0.3,12,146,146,3,147,148,2006.47826086957,2006.52173913043,1.80230906110714
-0.5,2,0.1538,0.3,12,146,146,4,147,148,2006.47826086957,2006.52173913043,1.80230906110714
-0.5,2,0.1538,0.3,12,146,146,5,147,148,2006.47826086957,2006.52173913043,1.80230906110714
-0.5,2,0.1538,0.3,12,146,146,6,147,148,2006.47826086957,2006.52173913043,1.80230906110714
-0.4,2,0.1425,0.3,12,146,146,1,147,NA,2006.47826086957,NA,2.24727444454091
-0.4,2,0.1425,0.3,12,146,146,2,147,148,2006.47826086957,2006.52173913043,2.24727444454091
-0.4,2,0.1425,0.3,12,146,146,3,147,148,2006.47826086957,2006.52173913043,2.24727444454091
-0.4,2,0.1425,0.3,12,146,146,4,147,148,2006.47826086957,2006.52173913043,2.24727444454091
-0.4,2,0.1425,0.3,12,146,146,5,147,148,2006.47826086957,2006.52173913043,2.24727444454091
-0.4,2,0.1425,0.3,12,146,146,6,147,148,2006.47826086957,2006.52173913043,2.24727444454091
-0.3,2,0.1494,0.3,12,146,146,1,147,NA,2006.47826086957,NA,2.00442369046304
-0.3,2,0.1494,0.3,12,146,146,2,147,NA,2006.47826086957,NA,2.00442369046304
-0.3,2,0.1494,0.3,12,146,146,3,147,149,2006.47826086957,2006.56521739130,2.00442369046304
-0.3,2,0.1494,0.3,12,146,146,4,147,149,2006.47826086957,2006.56521739130,2.00442369046304
-0.3,2,0.1494,0.3,12,146,146,5,147,149,2006.47826086957,2006.56521739130,2.00442369046304
-0.3,2,0.1494,0.3,12,146,146,6,147,149,2006.47826086957,2006.56521739130,2.00442369046304
-0.2,2,0.1488,0.3,12,146,146,1,147,NA,2006.47826086957,NA,1.94683795865473
-0.2,2,0.1488,0.3,12,146,146,2,147,NA,2006.47826086957,NA,1.94683795865473
-0.2,2,0.1488,0.3,12,146,146,3,147,NA,2006.47826086957,NA,1.94683795865473
-0.2,2,0.1488,0.3,12,146,146,4,147,150,2006.47826086957,2006.60869565217,1.94683795865473
-0.2,2,0.1488,0.3,12,146,146,5,147,150,2006.47826086957,2006.60869565217,1.94683795865473
-0.2,2,0.1488,0.3,12,146,146,6,147,150,2006.47826086957,2006.60869565217,1.94683795865473
-0.1,2,0.1477,0.3,12,146,146,1,147,NA,2006.47826086957,NA,1.97725282405616
-0.1,2,0.1477,0.3,12,146,146,2,147,NA,2006.47826086957,NA,1.97725282405616
-0.1,2,0.1477,0.3,12,146,146,3,147,NA,2006.47826086957,NA,1.97725282405616
-0.1,2,0.1477,0.3,12,146,146,4,147,NA,2006.47826086957,NA,1.97725282405616
-0.1,2,0.1477,0.3,12,146,146,5,147,151,2006.47826086957,2006.65217391304,1.97725282405616
-0.1,2,0.1477,0.3,12,146,146,6,147,151,2006.47826086957,2006.65217391304,1.97725282405616
0,2,0.1581,0.3,12,146,146,1,147,NA,2006.47826086957,NA,1.93506740405514
0,2,0.1581,0.3,12,146,146,2,147,NA,2006.47826086957,NA,1.93506740405514
0,2,0.1581,0.3,12,146,146,3,147,NA,2006.47826086957,NA,1.93506740405514
0,2,0.1581,0.3,12,146,146,4,147,NA,2006.47826086957,NA,1.93506740405514
0,2,0.1581,0.3,12,146,146,5,147,NA,2006.47826086957,NA,1.93506740405514
0,2,0.1581,0.3,12,146,146,6,147,NA,2006.47826086957,NA,1.93506740405514
-0.5,2.5,0.1585,0.3,12,146,146,1,147,NA,2006.47826086957,NA,2.18328061077273
-0.5,2.5,0.1585,0.3,12,146,146,2,147,148,2006.47826086957,2006.52173913043,2.18328061077273
-0.5,2.5,0.1585,0.3,12,146,146,3,147,148,2006.47826086957,2006.52173913043,2.18328061077273
-0.5,2.5,0.1585,0.3,12,146,146,4,147,148,2006.47826086957,2006.52173913043,2.18328061077273
-0.5,2.5,0.1585,0.3,12,146,146,5,147,148,2006.47826086957,2006.52173913043,2.18328061077273
-0.5,2.5,0.1585,0.3,12,146,146,6,147,148,2006.47826086957,2006.52173913043,2.18328061077273
-0.4,2.5,0.154,0.3,12,146,146,1,147,NA,2006.47826086957,NA,1.89887603053514
-0.4,2.5,0.154,0.3,12,146,146,2,147,148,2006.47826086957,2006.52173913043,1.89887603053514
-0.4,2.5,0.154,0.3,12,146,146,3,147,148,2006.47826086957,2006.52173913043,1.89887603053514
-0.4,2.5,0.154,0.3,12,146,146,4,147,148,2006.47826086957,2006.52173913043,1.89887603053514
-0.4,2.5,0.154,0.3,12,146,146,5,147,148,2006.47826086957,2006.52173913043,1.89887603053514
-0.4,2.5,0.154,0.3,12,146,146,6,147,148,2006.47826086957,2006.52173913043,1.89887603053514
-0.3,2.5,0.1589,0.3,12,146,146,1,147,NA,2006.47826086957,NA,2.1592522538395
-0.3,2.5,0.1589,0.3,12,146,146,2,147,NA,2006.47826086957,NA,2.1592522538395
-0.3,2.5,0.1589,0.3,12,146,146,3,147,149,2006.47826086957,2006.56521739130,2.1592522538395
-0.3,2.5,0.1589,0.3,12,146,146,4,147,149,2006.47826086957,2006.56521739130,2.1592522538395
-0.3,2.5,0.1589,0.3,12,146,146,5,147,149,2006.47826086957,2006.56521739130,2.1592522538395
-0.3,2.5,0.1589,0.3,12,146,146,6,147,149,2006.47826086957,2006.56521739130,2.1592522538395
-0.2,2.5,0.1722,0.3,12,146,146,1,147,NA,2006.47826086957,NA,1.55059594362123
-0.2,2.5,0.1722,0.3,12,146,146,2,147,NA,2006.47826086957,NA,1.55059594362123
-0.2,2.5,0.1722,0.3,12,146,146,3,147,NA,2006.47826086957,NA,1.55059594362123
-0.2,2.5,0.1722,0.3,12,146,146,4,147,NA,2006.47826086957,NA,1.55059594362123
-0.2,2.5,0.1722,0.3,12,146,146,5,147,151,2006.47826086957,2006.65217391304,1.55059594362123
-0.2,2.5,0.1722,0.3,12,146,146,6,147,151,2006.47826086957,2006.65217391304,1.55059594362123
-0.1,2.5,0.1748,0.3,12,146,146,1,147,NA,2006.47826086957,NA,1.91276832377818
-0.1,2.5,0.1748,0.3,12,146,146,2,147,NA,2006.47826086957,NA,1.91276832377818
-0.1,2.5,0.1748,0.3,12,146,146,3,147,NA,2006.47826086957,NA,1.91276832377818
-0.1,2.5,0.1748,0.3,12,146,146,4,147,NA,2006.47826086957,NA,1.91276832377818
-0.1,2.5,0.1748,0.3,12,146,146,5,147,NA,2006.47826086957,NA,1.91276832377818
-0.1,2.5,0.1748,0.3,12,146,146,6,147,NA,2006.47826086957,NA,1.91276832377818
0,2.5,0.1604,0.3,12,146,146,1,147,NA,2006.47826086957,NA,2.0916621156734
0,2.5,0.1604,0.3,12,146,146,2,147,NA,2006.47826086957,NA,2.0916621156734
0,2.5,0.1604,0.3,12,146,146,3,147,NA,2006.47826086957,NA,2.0916621156734
0,2.5,0.1604,0.3,12,146,146,4,147,NA,2006.47826086957,NA,2.0916621156734
0,2.5,0.1604,0.3,12,146,146,5,147,NA,2006.47826086957,NA,2.0916621156734
0,2.5,0.1604,0.3,12,146,146,6,147,NA,2006.47826086957,NA,2.0916621156734
-0.5,3,0.164,0.3,12,146,146,1,147,NA,2006.47826086957,NA,1.81186714662672
-0.5,3,0.164,0.3,12,146,146,2,147,148,2006.47826086957,2006.52173913043,1.81186714662672
-0.5,3,0.164,0.3,12,146,146,3,147,148,2006.47826086957,2006.52173913043,1.81186714662672
-0.5,3,0.164,0.3,12,146,146,4,147,148,2006.47826086957,2006.52173913043,1.81186714662672
-0.5,3,0.164,0.3,12,146,146,5,147,148,2006.47826086957,2006.52173913043,1.81186714662672
-0.5,3,0.164,0.3,12,146,146,6,147,148,2006.47826086957,2006.52173913043,1.81186714662672
-0.4,3,0.1888,0.3,12,146,146,1,147,NA,2006.47826086957,NA,1.72851967788123
-0.4,3,0.1888,0.3,12,146,146,2,147,NA,2006.47826086957,NA,1.72851967788123
-0.4,3,0.1888,0.3,12,146,146,3,147,149,2006.47826086957,2006.56521739130,1.72851967788123
-0.4,3,0.1888,0.3,12,146,146,4,147,149,2006.47826086957,2006.56521739130,1.72851967788123
-0.4,3,0.1888,0.3,12,146,146,5,147,149,2006.47826086957,2006.56521739130,1.72851967788123
-0.4,3,0.1888,0.3,12,146,146,6,147,149,2006.47826086957,2006.56521739130,1.72851967788123
-0.3,3,0.1956,0.3,12,146,146,1,147,NA,2006.47826086957,NA,1.61659827422192
-0.3,3,0.1956,0.3,12,146,146,2,147,NA,2006.47826086957,NA,1.61659827422192
-0.3,3,0.1956,0.3,12,146,146,3,147,149,2006.47826086957,2006.56521739130,1.61659827422192
-0.3,3,0.1956,0.3,12,146,146,4,147,149,2006.47826086957,2006.56521739130,1.61659827422192
-0.3,3,0.1956,0.3,12,146,146,5,147,149,2006.47826086957,2006.56521739130,1.61659827422192
-0.3,3,0.1956,0.3,12,146,146,6,147,149,2006.47826086957,2006.56521739130,1.61659827422192
-0.2,3,0.1829,0.3,12,146,30,1,147,NA,2006.47826086957,NA,1.53085286664501
-0.2,3,0.1829,0.3,12,146,30,2,147,32,2006.47826086957,2006.52173913043,1.53085286664501
-0.2,3,0.1829,0.3,12,146,30,3,147,32,2006.47826086957,2006.52173913043,1.53085286664501
-0.2,3,0.1829,0.3,12,146,30,4,147,32,2006.47826086957,2006.52173913043,1.53085286664501
-0.2,3,0.1829,0.3,12,146,30,5,147,32,2006.47826086957,2006.52173913043,1.53085286664501
-0.2,3,0.1829,0.3,12,146,30,6,147,32,2006.47826086957,2006.52173913043,1.53085286664501
-0.1,3,0.1625,0.3,12,146,146,1,147,NA,2006.47826086957,NA,1.91742265130684
-0.1,3,0.1625,0.3,12,146,146,2,147,NA,2006.47826086957,NA,1.91742265130684
-0.1,3,0.1625,0.3,12,146,146,3,147,NA,2006.47826086957,NA,1.91742265130684
-0.1,3,0.1625,0.3,12,146,146,4,147,NA,2006.47826086957,NA,1.91742265130684
-0.1,3,0.1625,0.3,12,146,146,5,147,NA,2006.47826086957,NA,1.91742265130684
-0.1,3,0.1625,0.3,12,146,146,6,147,NA,2006.47826086957,NA,1.91742265130684
0,3,0.1697,0.3,12,146,146,1,147,NA,2006.47826086957,NA,1.62625340550427
0,3,0.1697,0.3,12,146,146,2,147,NA,2006.47826086957,NA,1.62625340550427
0,3,0.1697,0.3,12,146,146,3,147,NA,2006.47826086957,NA,1.62625340550427
0,3,0.1697,0.3,12,146,146,4,147,NA,2006.47826086957,NA,1.62625340550427
0,3,0.1697,0.3,12,146,146,5,147,NA,2006.47826086957,NA,1.62625340550427
0,3,0.1697,0.3,12,146,146,6,147,NA,2006.47826086957,NA,1.62625340550427
-0.5,3.5,0.2008,0.3,12,146,146,1,147,NA,2006.47826086957,NA,1.4208641109464
-0.5,3.5,0.2008,0.3,12,146,146,2,147,NA,2006.47826086957,NA,1.4208641109464
-0.5,3.5,0.2008,0.3,12,146,146,3,147,149,2006.47826086957,2006.56521739130,1.4208641109464
-0.5,3.5,0.2008,0.3,12,146,146,4,147,149,2006.47826086957,2006.56521739130,1.4208641109464
-0.5,3.5,0.2008,0.3,12,146,146,5,147,149,2006.47826086957,2006.56521739130,1.4208641109464
-0.5,3.5,0.2008,0.3,12,146,146,6,147,149,2006.47826086957,2006.56521739130,1.4208641109464
-0.4,3.5,0.186,0.3,12,146,146,1,147,NA,2006.47826086957,NA,1.75060573821479
-0.4,3.5,0.186,0.3,12,146,146,2,147,NA,2006.47826086957,NA,1.75060573821479
-0.4,3.5,0.186,0.3,12,146,146,3,147,149,2006.47826086957,2006.56521739130,1.75060573821479
-0.4,3.5,0.186,0.3,12,146,146,4,147,149,2006.47826086957,2006.56521739130,1.75060573821479
-0.4,3.5,0.186,0.3,12,146,146,5,147,149,2006.47826086957,2006.56521739130,1.75060573821479
-0.4,3.5,0.186,0.3,12,146,146,6,147,149,2006.47826086957,2006.56521739130,1.75060573821479
-0.3,3.5,0.1976,0.3,12,146,146,1,147,NA,2006.47826086957,NA,1.65002837647208
-0.3,3.5,0.1976,0.3,12,146,146,2,147,NA,2006.47826086957,NA,1.65002837647208
-0.3,3.5,0.1976,0.3,12,146,146,3,147,NA,2006.47826086957,NA,1.65002837647208
-0.3,3.5,0.1976,0.3,12,146,146,4,147,150,2006.47826086957,2006.60869565217,1.65002837647208
-0.3,3.5,0.1976,0.3,12,146,146,5,147,150,2006.47826086957,2006.60869565217,1.65002837647208
-0.3,3.5,0.1976,0.3,12,146,146,6,147,150,2006.47826086957,2006.60869565217,1.65002837647208
-0.2,3.5,0.1873,0.3,12,146,146,1,147,NA,2006.47826086957,NA,1.24319965311583
-0.2,3.5,0.1873,0.3,12,146,146,2,147,NA,2006.47826086957,NA,1.24319965311583
-0.2,3.5,0.1873,0.3,12,146,146,3,147,NA,2006.47826086957,NA,1.24319965311583
-0.2,3.5,0.1873,0.3,12,146,146,4,147,NA,2006.47826086957,NA,1.24319965311583
-0.2,3.5,0.1873,0.3,12,146,146,5,147,NA,2006.47826086957,NA,1.24319965311583
-0.2,3.5,0.1873,0.3,12,146,146,6,147,152,2006.47826086957,2006.69565217391,1.24319965311583
-0.1,3.5,0.221,0.3,12,146,146,1,147,NA,2006.47826086957,NA,1.47952683829572
-0.1,3.5,0.221,0.3,12,146,146,2,147,NA,2006.47826086957,NA,1.47952683829572
-0.1,3.5,0.221,0.3,12,146,146,3,147,NA,2006.47826086957,NA,1.47952683829572
-0.1,3.5,0.221,0.3,12,146,146,4,147,NA,2006.47826086957,NA,1.47952683829572
-0.1,3.5,0.221,0.3,12,146,146,5,147,NA,2006.47826086957,NA,1.47952683829572
-0.1,3.5,0.221,0.3,12,146,146,6,147,NA,2006.47826086957,NA,1.47952683829572
0,3.5,0.1962,0.3,12,146,146,1,147,NA,2006.47826086957,NA,1.77319545417954
0,3.5,0.1962,0.3,12,146,146,2,147,NA,2006.47826086957,NA,1.77319545417954
0,3.5,0.1962,0.3,12,146,146,3,147,NA,2006.47826086957,NA,1.77319545417954
0,3.5,0.1962,0.3,12,146,146,4,147,NA,2006.47826086957,NA,1.77319545417954
0,3.5,0.1962,0.3,12,146,146,5,147,NA,2006.47826086957,NA,1.77319545417954
0,3.5,0.1962,0.3,12,146,146,6,147,NA,2006.47826086957,NA,1.77319545417954
-0.5,4,0.1977,0.3,12,146,146,1,147,NA,2006.47826086957,NA,1.30072762130162
-0.5,4,0.1977,0.3,12,146,146,2,147,148,2006.47826086957,2006.52173913043,1.30072762130162
-0.5,4,0.1977,0.3,12,146,146,3,147,148,2006.47826086957,2006.52173913043,1.30072762130162
-0.5,4,0.1977,0.3,12,146,146,4,147,148,2006.47826086957,2006.52173913043,1.30072762130162
-0.5,4,0.1977,0.3,12,146,146,5,147,148,2006.47826086957,2006.52173913043,1.30072762130162
-0.5,4,0.1977,0.3,12,146,146,6,147,148,2006.47826086957,2006.52173913043,1.30072762130162
-0.4,4,0.2348,0.3,12,146,146,1,147,NA,2006.47826086957,NA,1.71876066951919
-0.4,4,0.2348,0.3,12,146,146,2,147,NA,2006.47826086957,NA,1.71876066951919
-0.4,4,0.2348,0.3,12,146,146,3,147,149,2006.47826086957,2006.56521739130,1.71876066951919
-0.4,4,0.2348,0.3,12,146,146,4,147,149,2006.47826086957,2006.56521739130,1.71876066951919
-0.4,4,0.2348,0.3,12,146,146,5,147,149,2006.47826086957,2006.56521739130,1.71876066951919
-0.4,4,0.2348,0.3,12,146,146,6,147,149,2006.47826086957,2006.56521739130,1.71876066951919
-0.3,4,0.2077,0.3,12,146,146,1,147,NA,2006.47826086957,NA,1.82436822137596
-0.3,4,0.2077,0.3,12,146,146,2,147,NA,2006.47826086957,NA,1.82436822137596
-0.3,4,0.2077,0.3,12,146,146,3,147,149,2006.47826086957,2006.56521739130,1.82436822137596
-0.3,4,0.2077,0.3,12,146,146,4,147,149,2006.47826086957,2006.56521739130,1.82436822137596
-0.3,4,0.2077,0.3,12,146,146,5,147,149,2006.47826086957,2006.56521739130,1.82436822137596
-0.3,4,0.2077,0.3,12,146,146,6,147,149,2006.47826086957,2006.56521739130,1.82436822137596
-0.2,4,0.1876,0.3,12,146,146,1,147,NA,2006.47826086957,NA,1.44839526793266
-0.2,4,0.1876,0.3,12,146,146,2,147,NA,2006.47826086957,NA,1.44839526793266
-0.2,4,0.1876,0.3,12,146,146,3,147,NA,2006.47826086957,NA,1.44839526793266
-0.2,4,0.1876,0.3,12,146,146,4,147,NA,2006.47826086957,NA,1.44839526793266
-0.2,4,0.1876,0.3,12,146,146,5,147,151,2006.47826086957,2006.65217391304,1.44839526793266
-0.2,4,0.1876,0.3,12,146,146,6,147,151,2006.47826086957,2006.65217391304,1.44839526793266
-0.1,4,0.1991,0.3,12,146,146,1,147,NA,2006.47826086957,NA,1.61781235053151
-0.1,4,0.1991,0.3,12,146,146,2,147,NA,2006.47826086957,NA,1.61781235053151
-0.1,4,0.1991,0.3,12,146,146,3,147,NA,2006.47826086957,NA,1.61781235053151
-0.1,4,0.1991,0.3,12,146,146,4,147,NA,2006.47826086957,NA,1.61781235053151
-0.1,4,0.1991,0.3,12,146,146,5,147,NA,2006.47826086957,NA,1.61781235053151
-0.1,4,0.1991,0.3,12,146,146,6,147,NA,2006.47826086957,NA,1.61781235053151
0,4,0.1804,0.3,12,146,146,1,147,NA,2006.47826086957,NA,1.96219201151258
0,4,0.1804,0.3,12,146,146,2,147,NA,2006.47826086957,NA,1.96219201151258
0,4,0.1804,0.3,12,146,146,3,147,NA,2006.47826086957,NA,1.96219201151258
0,4,0.1804,0.3,12,146,146,4,147,NA,2006.47826086957,NA,1.96219201151258
0,4,0.1804,0.3,12,146,146,5,147,NA,2006.47826086957,NA,1.96219201151258
0,4,0.1804,0.3,12,146,146,6,147,NA,2006.47826086957,NA,1.96219201151258
-0.5,4.5,0.2045,0.3,12,146,146,1,147,NA,2006.47826086957,NA,1.52946400999495
-0.5,4.5,0.2045,0.3,12,146,146,2,147,148,2006.47826086957,2006.52173913043,1.52946400999495
-0.5,4.5,0.2045,0.3,12,146,146,3,147,148,2006.47826086957,2006.52173913043,1.52946400999495
-0.5,4.5,0.2045,0.3,12,146,146,4,147,148,2006.47826086957,2006.52173913043,1.52946400999495
-0.5,4.5,0.2045,0.3,12,146,146,5,147,148,2006.47826086957,2006.52173913043,1.52946400999495
-0.5,4.5,0.2045,0.3,12,146,146,6,147,148,2006.47826086957,2006.52173913043,1.52946400999495
-0.4,4.5,0.2471,0.3,12,146,146,1,147,NA,2006.47826086957,NA,1.39936325173523
-0.4,4.5,0.2471,0.3,12,146,146,2,147,NA,2006.47826086957,NA,1.39936325173523
-0.4,4.5,0.2471,0.3,12,146,146,3,147,NA,2006.47826086957,NA,1.39936325173523
-0.4,4.5,0.2471,0.3,12,146,146,4,147,150,2006.47826086957,2006.60869565217,1.39936325173523
-0.4,4.5,0.2471,0.3,12,146,146,5,147,150,2006.47826086957,2006.60869565217,1.39936325173523
-0.4,4.5,0.2471,0.3,12,146,146,6,147,150,2006.47826086957,2006.60869565217,1.39936325173523
-0.3,4.5,0.2712,0.3,12,146,146,1,147,NA,2006.47826086957,NA,1.57072328956704
-0.3,4.5,0.2712,0.3,12,146,146,2,147,NA,2006.47826086957,NA,1.57072328956704
-0.3,4.5,0.2712,0.3,12,146,146,3,147,NA,2006.47826086957,NA,1.57072328956704
-0.3,4.5,0.2712,0.3,12,146,146,4,147,NA,2006.47826086957,NA,1.57072328956704
-0.3,4.5,0.2712,0.3,12,146,146,5,147,151,2006.47826086957,2006.65217391304,1.57072328956704
-0.3,4.5,0.2712,0.3,12,146,146,6,147,151,2006.47826086957,2006.65217391304,1.57072328956704
-0.2,4.5,0.257,0.3,12,146,146,1,147,NA,2006.47826086957,NA,1.72461030875057
-0.2,4.5,0.257,0.3,12,146,146,2,147,NA,2006.47826086957,NA,1.72461030875057
-0.2,4.5,0.257,0.3,12,146,146,3,147,NA,2006.47826086957,NA,1.72461030875057
-0.2,4.5,0.257,0.3,12,146,146,4,147,NA,2006.47826086957,NA,1.72461030875057
-0.2,4.5,0.257,0.3,12,146,146,5,147,151,2006.47826086957,2006.65217391304,1.72461030875057
-0.2,4.5,0.257,0.3,12,146,146,6,147,151,2006.47826086957,2006.65217391304,1.72461030875057
-0.1,4.5,0.2495,0.3,12,146,146,1,147,NA,2006.47826086957,NA,1.38079797295520
-0.1,4.5,0.2495,0.3,12,146,146,2,147,NA,2006.47826086957,NA,1.38079797295520
-0.1,4.5,0.2495,0.3,12,146,146,3,147,NA,2006.47826086957,NA,1.38079797295520
-0.1,4.5,0.2495,0.3,12,146,146,4,147,NA,2006.47826086957,NA,1.38079797295520
-0.1,4.5,0.2495,0.3,12,146,146,5,147,NA,2006.47826086957,NA,1.38079797295520
-0.1,4.5,0.2495,0.3,12,146,146,6,147,NA,2006.47826086957,NA,1.38079797295520
0,4.5,0.2186,0.3,12,146,146,1,147,NA,2006.47826086957,NA,1.44702961262390
0,4.5,0.2186,0.3,12,146,146,2,147,NA,2006.47826086957,NA,1.44702961262390
0,4.5,0.2186,0.3,12,146,146,3,147,NA,2006.47826086957,NA,1.44702961262390
0,4.5,0.2186,0.3,12,146,146,4,147,NA,2006.47826086957,NA,1.44702961262390
0,4.5,0.2186,0.3,12,146,146,5,147,NA,2006.47826086957,NA,1.44702961262390
0,4.5,0.2186,0.3,12,146,146,6,147,NA,2006.47826086957,NA,1.44702961262390
-0.5,5,0.3046,0.3,12,146,146,1,147,NA,2006.47826086957,NA,1.30280962258469
-0.5,5,0.3046,0.3,12,146,146,2,147,NA,2006.47826086957,NA,1.30280962258469
-0.5,5,0.3046,0.3,12,146,146,3,147,149,2006.47826086957,2006.56521739130,1.30280962258469
-0.5,5,0.3046,0.3,12,146,146,4,147,149,2006.47826086957,2006.56521739130,1.30280962258469
-0.5,5,0.3046,0.3,12,146,146,5,147,149,2006.47826086957,2006.56521739130,1.30280962258469
-0.5,5,0.3046,0.3,12,146,146,6,147,149,2006.47826086957,2006.56521739130,1.30280962258469
-0.4,5,0.3061,0.3,12,146,146,1,147,NA,2006.47826086957,NA,1.22789182099323
-0.4,5,0.3061,0.3,12,146,146,2,147,NA,2006.47826086957,NA,1.22789182099323
-0.4,5,0.3061,0.3,12,146,146,3,147,149,2006.47826086957,2006.56521739130,1.22789182099323
-0.4,5,0.3061,0.3,12,146,146,4,147,149,2006.47826086957,2006.56521739130,1.22789182099323
-0.4,5,0.3061,0.3,12,146,146,5,147,149,2006.47826086957,2006.56521739130,1.22789182099323
-0.4,5,0.3061,0.3,12,146,146,6,147,149,2006.47826086957,2006.56521739130,1.22789182099323
-0.3,5,0.2577,0.3,12,146,146,1,147,NA,2006.47826086957,NA,1.38760963993183
-0.3,5,0.2577,0.3,12,146,146,2,147,NA,2006.47826086957,NA,1.38760963993183
-0.3,5,0.2577,0.3,12,146,146,3,147,NA,2006.47826086957,NA,1.38760963993183
-0.3,5,0.2577,0.3,12,146,146,4,147,NA,2006.47826086957,NA,1.38760963993183
-0.3,5,0.2577,0.3,12,146,146,5,147,151,2006.47826086957,2006.65217391304,1.38760963993183
-0.3,5,0.2577,0.3,12,146,146,6,147,151,2006.47826086957,2006.65217391304,1.38760963993183
-0.2,5,0.2517,0.3,12,146,146,1,147,NA,2006.47826086957,NA,1.51477513160657
-0.2,5,0.2517,0.3,12,146,146,2,147,NA,2006.47826086957,NA,1.51477513160657
-0.2,5,0.2517,0.3,12,146,146,3,147,NA,2006.47826086957,NA,1.51477513160657
-0.2,5,0.2517,0.3,12,146,146,4,147,NA,2006.47826086957,NA,1.51477513160657
-0.2,5,0.2517,0.3,12,146,146,5,147,NA,2006.47826086957,NA,1.51477513160657
-0.2,5,0.2517,0.3,12,146,146,6,147,NA,2006.47826086957,NA,1.51477513160657
-0.1,5,0.2807,0.3,12,146,146,1,147,NA,2006.47826086957,NA,1.22531069526173
-0.1,5,0.2807,0.3,12,146,146,2,147,NA,2006.47826086957,NA,1.22531069526173
-0.1,5,0.2807,0.3,12,146,146,3,147,NA,2006.47826086957,NA,1.22531069526173
-0.1,5,0.2807,0.3,12,146,146,4,147,NA,2006.47826086957,NA,1.22531069526173
-0.1,5,0.2807,0.3,12,146,146,5,147,NA,2006.47826086957,NA,1.22531069526173
-0.1,5,0.2807,0.3,12,146,146,6,147,NA,2006.47826086957,NA,1.22531069526173
0,5,0.2431,0.3,12,146,146,1,147,NA,2006.47826086957,NA,1.32504666554658
0,5,0.2431,0.3,12,146,146,2,147,NA,2006.47826086957,NA,1.32504666554658
0,5,0.2431,0.3,12,146,146,3,147,NA,2006.47826086957,NA,1.32504666554658
0,5,0.2431,0.3,12,146,146,4,147,NA,2006.47826086957,NA,1.32504666554658
0,5,0.2431,0.3,12,146,146,5,147,NA,2006.47826086957,NA,1.32504666554658
0,5,0.2431,0.3,12,146,146,6,147,NA,2006.47826086957,NA,1.32504666554658
-0.5,5.5,0.2835,0.3,12,146,146,1,147,NA,2006.47826086957,NA,1.05734088799438
-0.5,5.5,0.2835,0.3,12,146,146,2,147,NA,2006.47826086957,NA,1.05734088799438
-0.5,5.5,0.2835,0.3,12,146,146,3,147,149,2006.47826086957,2006.56521739130,1.05734088799438
-0.5,5.5,0.2835,0.3,12,146,146,4,147,149,2006.47826086957,2006.56521739130,1.05734088799438
-0.5,5.5,0.2835,0.3,12,146,146,5,147,149,2006.47826086957,2006.56521739130,1.05734088799438
-0.5,5.5,0.2835,0.3,12,146,146,6,147,149,2006.47826086957,2006.56521739130,1.05734088799438
-0.4,5.5,0.3613,0.3,12,146,146,1,147,NA,2006.47826086957,NA,1.26501146336318
-0.4,5.5,0.3613,0.3,12,146,146,2,147,NA,2006.47826086957,NA,1.26501146336318
-0.4,5.5,0.3613,0.3,12,146,146,3,147,NA,2006.47826086957,NA,1.26501146336318
-0.4,5.5,0.3613,0.3,12,146,146,4,147,NA,2006.47826086957,NA,1.26501146336318
-0.4,5.5,0.3613,0.3,12,146,146,5,147,NA,2006.47826086957,NA,1.26501146336318
-0.4,5.5,0.3613,0.3,12,146,146,6,147,152,2006.47826086957,2006.69565217391,1.26501146336318
-0.3,5.5,0.3336,0.3,12,146,146,1,147,NA,2006.47826086957,NA,1.02246124786103
-0.3,5.5,0.3336,0.3,12,146,146,2,147,NA,2006.47826086957,NA,1.02246124786103
-0.3,5.5,0.3336,0.3,12,146,146,3,147,NA,2006.47826086957,NA,1.02246124786103
-0.3,5.5,0.3336,0.3,12,146,146,4,147,NA,2006.47826086957,NA,1.02246124786103
-0.3,5.5,0.3336,0.3,12,146,146,5,147,151,2006.47826086957,2006.65217391304,1.02246124786103
-0.3,5.5,0.3336,0.3,12,146,146,6,147,151,2006.47826086957,2006.65217391304,1.02246124786103
-0.2,5.5,0.2377,0.3,12,146,146,1,147,NA,2006.47826086957,NA,1.23350174118396
-0.2,5.5,0.2377,0.3,12,146,146,2,147,NA,2006.47826086957,NA,1.23350174118396
-0.2,5.5,0.2377,0.3,12,146,146,3,147,NA,2006.47826086957,NA,1.23350174118396
-0.2,5.5,0.2377,0.3,12,146,146,4,147,NA,2006.47826086957,NA,1.23350174118396
-0.2,5.5,0.2377,0.3,12,146,146,5,147,NA,2006.47826086957,NA,1.23350174118396
-0.2,5.5,0.2377,0.3,12,146,146,6,147,NA,2006.47826086957,NA,1.23350174118396
-0.1,5.5,0.2971,0.3,12,146,146,1,147,NA,2006.47826086957,NA,1.32798612064016
-0.1,5.5,0.2971,0.3,12,146,146,2,147,NA,2006.47826086957,NA,1.32798612064016
-0.1,5.5,0.2971,0.3,12,146,146,3,147,NA,2006.47826086957,NA,1.32798612064016
-0.1,5.5,0.2971,0.3,12,146,146,4,147,NA,2006.47826086957,NA,1.32798612064016
-0.1,5.5,0.2971,0.3,12,146,146,5,147,NA,2006.47826086957,NA,1.32798612064016
-0.1,5.5,0.2971,0.3,12,146,146,6,147,NA,2006.47826086957,NA,1.32798612064016
0,5.5,0.2872,0.3,12,146,146,1,147,NA,2006.47826086957,NA,1.39161074037374
0,5.5,0.2872,0.3,12,146,146,2,147,NA,2006.47826086957,NA,1.39161074037374
0,5.5,0.2872,0.3,12,146,146,3,147,NA,2006.47826086957,NA,1.39161074037374
0,5.5,0.2872,0.3,12,146,146,4,147,NA,2006.47826086957,NA,1.39161074037374
0,5.5,0.2872,0.3,12,146,146,5,147,NA,2006.47826086957,NA,1.39161074037374
0,5.5,0.2872,0.3,12,146,146,6,147,NA,2006.47826086957,NA,1.39161074037374
-0.5,6,0.2663,0.3,12,146,146,1,147,NA,2006.47826086957,NA,1.62071251592030
-0.5,6,0.2663,0.3,12,146,146,2,147,NA,2006.47826086957,NA,1.62071251592030
-0.5,6,0.2663,0.3,12,146,146,3,147,149,2006.47826086957,2006.56521739130,1.62071251592030
-0.5,6,0.2663,0.3,12,146,146,4,147,149,2006.47826086957,2006.56521739130,1.62071251592030
-0.5,6,0.2663,0.3,12,146,146,5,147,149,2006.47826086957,2006.56521739130,1.62071251592030
-0.5,6,0.2663,0.3,12,146,146,6,147,149,2006.47826086957,2006.56521739130,1.62071251592030
-0.4,6,0.3907,0.3,12,146,146,1,147,NA,2006.47826086957,NA,1.06754830981428
-0.4,6,0.3907,0.3,12,146,146,2,147,NA,2006.47826086957,NA,1.06754830981428
-0.4,6,0.3907,0.3,12,146,146,3,147,NA,2006.47826086957,NA,1.06754830981428
-0.4,6,0.3907,0.3,12,146,146,4,147,NA,2006.47826086957,NA,1.06754830981428
-0.4,6,0.3907,0.3,12,146,146,5,147,151,2006.47826086957,2006.65217391304,1.06754830981428
-0.4,6,0.3907,0.3,12,146,146,6,147,151,2006.47826086957,2006.65217391304,1.06754830981428
-0.3,6,0.2835,0.3,12,146,146,1,147,NA,2006.47826086957,NA,1.26512356298732
-0.3,6,0.2835,0.3,12,146,146,2,147,NA,2006.47826086957,NA,1.26512356298732
-0.3,6,0.2835,0.3,12,146,146,3,147,NA,2006.47826086957,NA,1.26512356298732
-0.3,6,0.2835,0.3,12,146,146,4,147,NA,2006.47826086957,NA,1.26512356298732
-0.3,6,0.2835,0.3,12,146,146,5,147,151,2006.47826086957,2006.65217391304,1.26512356298732
-0.3,6,0.2835,0.3,12,146,146,6,147,151,2006.47826086957,2006.65217391304,1.26512356298732
-0.2,6,0.2955,0.3,12,146,146,1,147,NA,2006.47826086957,NA,1.3519173984648
-0.2,6,0.2955,0.3,12,146,146,2,147,NA,2006.47826086957,NA,1.3519173984648
-0.2,6,0.2955,0.3,12,146,146,3,147,NA,2006.47826086957,NA,1.3519173984648
-0.2,6,0.2955,0.3,12,146,146,4,147,NA,2006.47826086957,NA,1.3519173984648
-0.2,6,0.2955,0.3,12,146,146,5,147,NA,2006.47826086957,NA,1.3519173984648
-0.2,6,0.2955,0.3,12,146,146,6,147,NA,2006.47826086957,NA,1.3519173984648
-0.1,6,0.2855,0.3,12,146,146,1,147,NA,2006.47826086957,NA,1.35048057482988
-0.1,6,0.2855,0.3,12,146,146,2,147,NA,2006.47826086957,NA,1.35048057482988
-0.1,6,0.2855,0.3,12,146,146,3,147,NA,2006.47826086957,NA,1.35048057482988
-0.1,6,0.2855,0.3,12,146,146,4,147,NA,2006.47826086957,NA,1.35048057482988
-0.1,6,0.2855,0.3,12,146,146,5,147,NA,2006.47826086957,NA,1.35048057482988
-0.1,6,0.2855,0.3,12,146,146,6,147,NA,2006.47826086957,NA,1.35048057482988
0,6,0.3137,0.3,12,146,146,1,147,NA,2006.47826086957,NA,1.09003629035684
0,6,0.3137,0.3,12,146,146,2,147,NA,2006.47826086957,NA,1.09003629035684
0,6,0.3137,0.3,12,146,146,3,147,NA,2006.47826086957,NA,1.09003629035684
0,6,0.3137,0.3,12,146,146,4,147,NA,2006.47826086957,NA,1.09003629035684
0,6,0.3137,0.3,12,146,146,5,147,NA,2006.47826086957,NA,1.09003629035684
0,6,0.3137,0.3,12,146,146,6,147,NA,2006.47826086957,NA,1.09003629035684
-0.5,6.5,0.3389,0.3,12,146,146,1,147,NA,2006.47826086957,NA,1.11244342655951
-0.5,6.5,0.3389,0.3,12,146,146,2,147,NA,2006.47826086957,NA,1.11244342655951
-0.5,6.5,0.3389,0.3,12,146,146,3,147,NA,2006.47826086957,NA,1.11244342655951
-0.5,6.5,0.3389,0.3,12,146,146,4,147,150,2006.47826086957,2006.60869565217,1.11244342655951
-0.5,6.5,0.3389,0.3,12,146,146,5,147,150,2006.47826086957,2006.60869565217,1.11244342655951
-0.5,6.5,0.3389,0.3,12,146,146,6,147,150,2006.47826086957,2006.60869565217,1.11244342655951
-0.4,6.5,0.389,0.3,12,146,146,1,147,NA,2006.47826086957,NA,1.07564680865335
-0.4,6.5,0.389,0.3,12,146,146,2,147,NA,2006.47826086957,NA,1.07564680865335
-0.4,6.5,0.389,0.3,12,146,146,3,147,NA,2006.47826086957,NA,1.07564680865335
-0.4,6.5,0.389,0.3,12,146,146,4,147,NA,2006.47826086957,NA,1.07564680865335
-0.4,6.5,0.389,0.3,12,146,146,5,147,151,2006.47826086957,2006.65217391304,1.07564680865335
-0.4,6.5,0.389,0.3,12,146,146,6,147,151,2006.47826086957,2006.65217391304,1.07564680865335
-0.3,6.5,0.3192,0.3,12,146,146,1,147,NA,2006.47826086957,NA,1.20655348197442
-0.3,6.5,0.3192,0.3,12,146,146,2,147,NA,2006.47826086957,NA,1.20655348197442
-0.3,6.5,0.3192,0.3,12,146,146,3,147,NA,2006.47826086957,NA,1.20655348197442
-0.3,6.5,0.3192,0.3,12,146,146,4,147,NA,2006.47826086957,NA,1.20655348197442
-0.3,6.5,0.3192,0.3,12,146,146,5,147,NA,2006.47826086957,NA,1.20655348197442
-0.3,6.5,0.3192,0.3,12,146,146,6,147,152,2006.47826086957,2006.69565217391,1.20655348197442
-0.2,6.5,0.2869,0.3,12,146,146,1,147,NA,2006.47826086957,NA,1.32559299697373
-0.2,6.5,0.2869,0.3,12,146,146,2,147,NA,2006.47826086957,NA,1.32559299697373
-0.2,6.5,0.2869,0.3,12,146,146,3,147,NA,2006.47826086957,NA,1.32559299697373
-0.2,6.5,0.2869,0.3,12,146,146,4,147,NA,2006.47826086957,NA,1.32559299697373
-0.2,6.5,0.2869,0.3,12,146,146,5,147,NA,2006.47826086957,NA,1.32559299697373
-0.2,6.5,0.2869,0.3,12,146,146,6,147,152,2006.47826086957,2006.69565217391,1.32559299697373
-0.1,6.5,0.3095,0.3,12,146,146,1,147,NA,2006.47826086957,NA,1.10524451205254
-0.1,6.5,0.3095,0.3,12,146,146,2,147,NA,2006.47826086957,NA,1.10524451205254
-0.1,6.5,0.3095,0.3,12,146,146,3,147,NA,2006.47826086957,NA,1.10524451205254
-0.1,6.5,0.3095,0.3,12,146,146,4,147,NA,2006.47826086957,NA,1.10524451205254
-0.1,6.5,0.3095,0.3,12,146,146,5,147,NA,2006.47826086957,NA,1.10524451205254
-0.1,6.5,0.3095,0.3,12,146,146,6,147,NA,2006.47826086957,NA,1.10524451205254
0,6.5,0.3763,0.3,12,146,146,1,147,NA,2006.47826086957,NA,1.01790983698691
0,6.5,0.3763,0.3,12,146,146,2,147,NA,2006.47826086957,NA,1.01790983698691
0,6.5,0.3763,0.3,12,146,146,3,147,NA,2006.47826086957,NA,1.01790983698691
0,6.5,0.3763,0.3,12,146,146,4,147,NA,2006.47826086957,NA,1.01790983698691
0,6.5,0.3763,0.3,12,146,146,5,147,NA,2006.47826086957,NA,1.01790983698691
0,6.5,0.3763,0.3,12,146,146,6,147,NA,2006.47826086957,NA,1.01790983698691
-0.5,7,0.3678,0.3,12,146,146,1,147,NA,2006.47826086957,NA,1.03132127866846
-0.5,7,0.3678,0.3,12,146,146,2,147,NA,2006.47826086957,NA,1.03132127866846
-0.5,7,0.3678,0.3,12,146,146,3,147,NA,2006.47826086957,NA,1.03132127866846
-0.5,7,0.3678,0.3,12,146,146,4,147,NA,2006.47826086957,NA,1.03132127866846
-0.5,7,0.3678,0.3,12,146,146,5,147,151,2006.47826086957,2006.65217391304,1.03132127866846
-0.5,7,0.3678,0.3,12,146,146,6,147,151,2006.47826086957,2006.65217391304,1.03132127866846
-0.4,7,0.3697,0.3,12,146,146,1,147,NA,2006.47826086957,NA,1.04342903136286
-0.4,7,0.3697,0.3,12,146,146,2,147,NA,2006.47826086957,NA,1.04342903136286
-0.4,7,0.3697,0.3,12,146,146,3,147,149,2006.47826086957,2006.56521739130,1.04342903136286
-0.4,7,0.3697,0.3,12,146,146,4,147,149,2006.47826086957,2006.56521739130,1.04342903136286
-0.4,7,0.3697,0.3,12,146,146,5,147,149,2006.47826086957,2006.56521739130,1.04342903136286
-0.4,7,0.3697,0.3,12,146,146,6,147,149,2006.47826086957,2006.56521739130,1.04342903136286
-0.3,7,0.352,0.3,12,146,146,1,147,NA,2006.47826086957,NA,1.10270740049045
-0.3,7,0.352,0.3,12,146,146,2,147,NA,2006.47826086957,NA,1.10270740049045
-0.3,7,0.352,0.3,12,146,146,3,147,NA,2006.47826086957,NA,1.10270740049045
-0.3,7,0.352,0.3,12,146,146,4,147,NA,2006.47826086957,NA,1.10270740049045
-0.3,7,0.352,0.3,12,146,146,5,147,NA,2006.47826086957,NA,1.10270740049045
-0.3,7,0.352,0.3,12,146,146,6,147,152,2006.47826086957,2006.69565217391,1.10270740049045
-0.2,7,0.3436,0.3,12,146,146,1,147,NA,2006.47826086957,NA,0.992601808533819
-0.2,7,0.3436,0.3,12,146,146,2,147,NA,2006.47826086957,NA,0.992601808533819
-0.2,7,0.3436,0.3,12,146,146,3,147,NA,2006.47826086957,NA,0.992601808533819
-0.2,7,0.3436,0.3,12,146,146,4,147,NA,2006.47826086957,NA,0.992601808533819
-0.2,7,0.3436,0.3,12,146,146,5,147,NA,2006.47826086957,NA,0.992601808533819
-0.2,7,0.3436,0.3,12,146,146,6,147,NA,2006.47826086957,NA,0.992601808533819
-0.1,7,0.3202,0.3,12,146,146,1,147,NA,2006.47826086957,NA,1.27994541404018
-0.1,7,0.3202,0.3,12,146,146,2,147,NA,2006.47826086957,NA,1.27994541404018
-0.1,7,0.3202,0.3,12,146,146,3,147,NA,2006.47826086957,NA,1.27994541404018
-0.1,7,0.3202,0.3,12,146,146,4,147,NA,2006.47826086957,NA,1.27994541404018
-0.1,7,0.3202,0.3,12,146,146,5,147,NA,2006.47826086957,NA,1.27994541404018
-0.1,7,0.3202,0.3,12,146,146,6,147,NA,2006.47826086957,NA,1.27994541404018
0,7,0.3626,0.3,12,146,146,1,147,NA,2006.47826086957,NA,0.816373330853815
0,7,0.3626,0.3,12,146,146,2,147,NA,2006.47826086957,NA,0.816373330853815
0,7,0.3626,0.3,12,146,146,3,147,NA,2006.47826086957,NA,0.816373330853815
0,7,0.3626,0.3,12,146,146,4,147,NA,2006.47826086957,NA,0.816373330853815
0,7,0.3626,0.3,12,146,146,5,147,NA,2006.47826086957,NA,0.816373330853815
0,7,0.3626,0.3,12,146,146,6,147,NA,2006.47826086957,NA,0.816373330853815
-0.5,7.5,0.351,0.3,12,146,146,1,147,NA,2006.47826086957,NA,0.876538671275608
-0.5,7.5,0.351,0.3,12,146,146,2,147,NA,2006.47826086957,NA,0.876538671275608
-0.5,7.5,0.351,0.3,12,146,146,3,147,NA,2006.47826086957,NA,0.876538671275608
-0.5,7.5,0.351,0.3,12,146,146,4,147,150,2006.47826086957,2006.60869565217,0.876538671275608
-0.5,7.5,0.351,0.3,12,146,146,5,147,150,2006.47826086957,2006.60869565217,0.876538671275608
-0.5,7.5,0.351,0.3,12,146,146,6,147,150,2006.47826086957,2006.60869565217,0.876538671275608
-0.4,7.5,0.4364,0.3,12,146,146,1,147,NA,2006.47826086957,NA,1.07931319815127
-0.4,7.5,0.4364,0.3,12,146,146,2,147,NA,2006.47826086957,NA,1.07931319815127
-0.4,7.5,0.4364,0.3,12,146,146,3,147,NA,2006.47826086957,NA,1.07931319815127
-0.4,7.5,0.4364,0.3,12,146,146,4,147,150,2006.47826086957,2006.60869565217,1.07931319815127
-0.4,7.5,0.4364,0.3,12,146,146,5,147,150,2006.47826086957,2006.60869565217,1.07931319815127
-0.4,7.5,0.4364,0.3,12,146,146,6,147,150,2006.47826086957,2006.60869565217,1.07931319815127
-0.3,7.5,0.4208,0.3,12,146,146,1,147,NA,2006.47826086957,NA,0.832340968355678
-0.3,7.5,0.4208,0.3,12,146,146,2,147,NA,2006.47826086957,NA,0.832340968355678
-0.3,7.5,0.4208,0.3,12,146,146,3,147,NA,2006.47826086957,NA,0.832340968355678
-0.3,7.5,0.4208,0.3,12,146,146,4,147,NA,2006.47826086957,NA,0.832340968355678
-0.3,7.5,0.4208,0.3,12,146,146,5,147,NA,2006.47826086957,NA,0.832340968355678
-0.3,7.5,0.4208,0.3,12,146,146,6,147,NA,2006.47826086957,NA,0.832340968355678
-0.2,7.5,0.4349,0.3,12,146,146,1,147,NA,2006.47826086957,NA,0.917952291011836
-0.2,7.5,0.4349,0.3,12,146,146,2,147,NA,2006.47826086957,NA,0.917952291011836
-0.2,7.5,0.4349,0.3,12,146,146,3,147,NA,2006.47826086957,NA,0.917952291011836
-0.2,7.5,0.4349,0.3,12,146,146,4,147,NA,2006.47826086957,NA,0.917952291011836
-0.2,7.5,0.4349,0.3,12,146,146,5,147,NA,2006.47826086957,NA,0.917952291011836
-0.2,7.5,0.4349,0.3,12,146,146,6,147,NA,2006.47826086957,NA,0.917952291011836
-0.1,7.5,0.4358,0.3,12,146,146,1,147,NA,2006.47826086957,NA,0.894150197014207
-0.1,7.5,0.4358,0.3,12,146,146,2,147,NA,2006.47826086957,NA,0.894150197014207
-0.1,7.5,0.4358,0.3,12,146,146,3,147,NA,2006.47826086957,NA,0.894150197014207
-0.1,7.5,0.4358,0.3,12,146,146,4,147,NA,2006.47826086957,NA,0.894150197014207
-0.1,7.5,0.4358,0.3,12,146,146,5,147,NA,2006.47826086957,NA,0.894150197014207
-0.1,7.5,0.4358,0.3,12,146,146,6,147,NA,2006.47826086957,NA,0.894150197014207
0,7.5,0.3604,0.3,12,146,146,1,147,NA,2006.47826086957,NA,1.06184556373430
0,7.5,0.3604,0.3,12,146,146,2,147,NA,2006.47826086957,NA,1.06184556373430
0,7.5,0.3604,0.3,12,146,146,3,147,NA,2006.47826086957,NA,1.06184556373430
0,7.5,0.3604,0.3,12,146,146,4,147,NA,2006.47826086957,NA,1.06184556373430
0,7.5,0.3604,0.3,12,146,146,5,147,NA,2006.47826086957,NA,1.06184556373430
0,7.5,0.3604,0.3,12,146,146,6,147,NA,2006.47826086957,NA,1.06184556373430
-0.5,8,0.3467,0.3,12,146,146,1,147,NA,2006.47826086957,NA,1.22799227768824
-0.5,8,0.3467,0.3,12,146,146,2,147,NA,2006.47826086957,NA,1.22799227768824
-0.5,8,0.3467,0.3,12,146,146,3,147,NA,2006.47826086957,NA,1.22799227768824
-0.5,8,0.3467,0.3,12,146,146,4,147,150,2006.47826086957,2006.60869565217,1.22799227768824
-0.5,8,0.3467,0.3,12,146,146,5,147,150,2006.47826086957,2006.60869565217,1.22799227768824
-0.5,8,0.3467,0.3,12,146,146,6,147,150,2006.47826086957,2006.60869565217,1.22799227768824
-0.4,8,0.3858,0.3,12,146,146,1,147,NA,2006.47826086957,NA,1.20126691626998
-0.4,8,0.3858,0.3,12,146,146,2,147,NA,2006.47826086957,NA,1.20126691626998
-0.4,8,0.3858,0.3,12,146,146,3,147,NA,2006.47826086957,NA,1.20126691626998
-0.4,8,0.3858,0.3,12,146,146,4,147,NA,2006.47826086957,NA,1.20126691626998
-0.4,8,0.3858,0.3,12,146,146,5,147,NA,2006.47826086957,NA,1.20126691626998
-0.4,8,0.3858,0.3,12,146,146,6,147,152,2006.47826086957,2006.69565217391,1.20126691626998
-0.3,8,0.4226,0.3,12,146,146,1,147,NA,2006.47826086957,NA,1.06865550432092
-0.3,8,0.4226,0.3,12,146,146,2,147,NA,2006.47826086957,NA,1.06865550432092
-0.3,8,0.4226,0.3,12,146,146,3,147,NA,2006.47826086957,NA,1.06865550432092
-0.3,8,0.4226,0.3,12,146,146,4,147,NA,2006.47826086957,NA,1.06865550432092
-0.3,8,0.4226,0.3,12,146,146,5,147,NA,2006.47826086957,NA,1.06865550432092
-0.3,8,0.4226,0.3,12,146,146,6,147,NA,2006.47826086957,NA,1.06865550432092
-0.2,8,0.4293,0.3,12,146,146,1,147,NA,2006.47826086957,NA,0.807291807105238
-0.2,8,0.4293,0.3,12,146,146,2,147,NA,2006.47826086957,NA,0.807291807105238
-0.2,8,0.4293,0.3,12,146,146,3,147,NA,2006.47826086957,NA,0.807291807105238
-0.2,8,0.4293,0.3,12,146,146,4,147,NA,2006.47826086957,NA,0.807291807105238
-0.2,8,0.4293,0.3,12,146,146,5,147,NA,2006.47826086957,NA,0.807291807105238
-0.2,8,0.4293,0.3,12,146,146,6,147,NA,2006.47826086957,NA,0.807291807105238
-0.1,8,0.3935,0.3,12,146,146,1,147,NA,2006.47826086957,NA,1.10275777370770
-0.1,8,0.3935,0.3,12,146,146,2,147,NA,2006.47826086957,NA,1.10275777370770
-0.1,8,0.3935,0.3,12,146,146,3,147,NA,2006.47826086957,NA,1.10275777370770
-0.1,8,0.3935,0.3,12,146,146,4,147,NA,2006.47826086957,NA,1.10275777370770
-0.1,8,0.3935,0.3,12,146,146,5,147,NA,2006.47826086957,NA,1.10275777370770
-0.1,8,0.3935,0.3,12,146,146,6,147,NA,2006.47826086957,NA,1.10275777370770
0,8,0.3633,0.3,12,146,63,1,147,NA,2006.47826086957,NA,1.01442975063161
0,8,0.3633,0.3,12,146,63,2,147,NA,2006.47826086957,NA,1.01442975063161
0,8,0.3633,0.3,12,146,63,3,147,NA,2006.47826086957,NA,1.01442975063161
0,8,0.3633,0.3,12,146,63,4,147,NA,2006.47826086957,NA,1.01442975063161
0,8,0.3633,0.3,12,146,63,5,147,NA,2006.47826086957,NA,1.01442975063161
0,8,0.3633,0.3,12,146,63,6,147,NA,2006.47826086957,NA,1.01442975063161
-0.5,0,0.1,0.5,12,146,146,1,147,147,2006.47826086957,2006.47826086957,4.99997220243345
-0.5,0,0.1,0.5,12,146,146,2,147,147,2006.47826086957,2006.47826086957,4.99997220243345
-0.5,0,0.1,0.5,12,146,146,3,147,147,2006.47826086957,2006.47826086957,4.99997220243345
-0.5,0,0.1,0.5,12,146,146,4,147,147,2006.47826086957,2006.47826086957,4.99997220243345
-0.5,0,0.1,0.5,12,146,146,5,147,147,2006.47826086957,2006.47826086957,4.99997220243345
-0.5,0,0.1,0.5,12,146,146,6,147,147,2006.47826086957,2006.47826086957,4.99997220243345
-0.4,0,0.1,0.5,12,146,146,1,147,NA,2006.47826086957,NA,3.36454705891923
-0.4,0,0.1,0.5,12,146,146,2,147,148,2006.47826086957,2006.52173913043,3.36454705891923
-0.4,0,0.1,0.5,12,146,146,3,147,148,2006.47826086957,2006.52173913043,3.36454705891923
-0.4,0,0.1,0.5,12,146,146,4,147,148,2006.47826086957,2006.52173913043,3.36454705891923
-0.4,0,0.1,0.5,12,146,146,5,147,148,2006.47826086957,2006.52173913043,3.36454705891923
-0.4,0,0.1,0.5,12,146,146,6,147,148,2006.47826086957,2006.52173913043,3.36454705891923
-0.3,0,0.1,0.5,12,146,146,1,147,NA,2006.47826086957,NA,3.28476010863881
-0.3,0,0.1,0.5,12,146,146,2,147,148,2006.47826086957,2006.52173913043,3.28476010863881
-0.3,0,0.1,0.5,12,146,146,3,147,148,2006.47826086957,2006.52173913043,3.28476010863881
-0.3,0,0.1,0.5,12,146,146,4,147,148,2006.47826086957,2006.52173913043,3.28476010863881
-0.3,0,0.1,0.5,12,146,146,5,147,148,2006.47826086957,2006.52173913043,3.28476010863881
-0.3,0,0.1,0.5,12,146,146,6,147,148,2006.47826086957,2006.52173913043,3.28476010863881
-0.2,0,0.1,0.5,12,146,146,1,147,NA,2006.47826086957,NA,3.63097614079033
-0.2,0,0.1,0.5,12,146,146,2,147,NA,2006.47826086957,NA,3.63097614079033
-0.2,0,0.1,0.5,12,146,146,3,147,149,2006.47826086957,2006.56521739130,3.63097614079033
-0.2,0,0.1,0.5,12,146,146,4,147,149,2006.47826086957,2006.56521739130,3.63097614079033
-0.2,0,0.1,0.5,12,146,146,5,147,149,2006.47826086957,2006.56521739130,3.63097614079033
-0.2,0,0.1,0.5,12,146,146,6,147,149,2006.47826086957,2006.56521739130,3.63097614079033
-0.1,0,0.1,0.5,12,146,16,1,147,NA,2006.47826086957,NA,4.99997220243358
-0.1,0,0.1,0.5,12,146,16,2,147,18,2006.47826086957,2006.52173913043,4.99997220243358
-0.1,0,0.1,0.5,12,146,16,3,147,18,2006.47826086957,2006.52173913043,4.99997220243358
-0.1,0,0.1,0.5,12,146,16,4,147,18,2006.47826086957,2006.52173913043,4.99997220243358
-0.1,0,0.1,0.5,12,146,16,5,147,18,2006.47826086957,2006.52173913043,4.99997220243358
-0.1,0,0.1,0.5,12,146,16,6,147,18,2006.47826086957,2006.52173913043,4.99997220243358
0,0,0.1,0.5,12,146,146,1,147,NA,2006.47826086957,NA,4.99997220243337
0,0,0.1,0.5,12,146,146,2,147,NA,2006.47826086957,NA,4.99997220243337
0,0,0.1,0.5,12,146,146,3,147,NA,2006.47826086957,NA,4.99997220243337
0,0,0.1,0.5,12,146,146,4,147,NA,2006.47826086957,NA,4.99997220243337
0,0,0.1,0.5,12,146,146,5,147,NA,2006.47826086957,NA,4.99997220243337
0,0,0.1,0.5,12,146,146,6,147,NA,2006.47826086957,NA,4.99997220243337
-0.5,0.5,0.1121,0.5,12,146,146,1,147,147,2006.47826086957,2006.47826086957,4.35307717931706
-0.5,0.5,0.1121,0.5,12,146,146,2,147,147,2006.47826086957,2006.47826086957,4.35307717931706
-0.5,0.5,0.1121,0.5,12,146,146,3,147,147,2006.47826086957,2006.47826086957,4.35307717931706
-0.5,0.5,0.1121,0.5,12,146,146,4,147,147,2006.47826086957,2006.47826086957,4.35307717931706
-0.5,0.5,0.1121,0.5,12,146,146,5,147,147,2006.47826086957,2006.47826086957,4.35307717931706
-0.5,0.5,0.1121,0.5,12,146,146,6,147,147,2006.47826086957,2006.47826086957,4.35307717931706
-0.4,0.5,0.1138,0.5,12,146,146,1,147,NA,2006.47826086957,NA,4.42642512318419
-0.4,0.5,0.1138,0.5,12,146,146,2,147,148,2006.47826086957,2006.52173913043,4.42642512318419
-0.4,0.5,0.1138,0.5,12,146,146,3,147,148,2006.47826086957,2006.52173913043,4.42642512318419
-0.4,0.5,0.1138,0.5,12,146,146,4,147,148,2006.47826086957,2006.52173913043,4.42642512318419
-0.4,0.5,0.1138,0.5,12,146,146,5,147,148,2006.47826086957,2006.52173913043,4.42642512318419
-0.4,0.5,0.1138,0.5,12,146,146,6,147,148,2006.47826086957,2006.52173913043,4.42642512318419
-0.3,0.5,0.1127,0.5,12,146,146,1,147,NA,2006.47826086957,NA,4.61912170940731
-0.3,0.5,0.1127,0.5,12,146,146,2,147,148,2006.47826086957,2006.52173913043,4.61912170940731
-0.3,0.5,0.1127,0.5,12,146,146,3,147,148,2006.47826086957,2006.52173913043,4.61912170940731
-0.3,0.5,0.1127,0.5,12,146,146,4,147,148,2006.47826086957,2006.52173913043,4.61912170940731
-0.3,0.5,0.1127,0.5,12,146,146,5,147,148,2006.47826086957,2006.52173913043,4.61912170940731
-0.3,0.5,0.1127,0.5,12,146,146,6,147,148,2006.47826086957,2006.52173913043,4.61912170940731
-0.2,0.5,0.1152,0.5,12,146,146,1,147,NA,2006.47826086957,NA,4.40521487621216
-0.2,0.5,0.1152,0.5,12,146,146,2,147,NA,2006.47826086957,NA,4.40521487621216
-0.2,0.5,0.1152,0.5,12,146,146,3,147,149,2006.47826086957,2006.56521739130,4.40521487621216
-0.2,0.5,0.1152,0.5,12,146,146,4,147,149,2006.47826086957,2006.56521739130,4.40521487621216
-0.2,0.5,0.1152,0.5,12,146,146,5,147,149,2006.47826086957,2006.56521739130,4.40521487621216
-0.2,0.5,0.1152,0.5,12,146,146,6,147,149,2006.47826086957,2006.56521739130,4.40521487621216
-0.1,0.5,0.1113,0.5,12,146,146,1,147,NA,2006.47826086957,NA,4.31107915244757
-0.1,0.5,0.1113,0.5,12,146,146,2,147,NA,2006.47826086957,NA,4.31107915244757
-0.1,0.5,0.1113,0.5,12,146,146,3,147,NA,2006.47826086957,NA,4.31107915244757
-0.1,0.5,0.1113,0.5,12,146,146,4,147,NA,2006.47826086957,NA,4.31107915244757
-0.1,0.5,0.1113,0.5,12,146,146,5,147,NA,2006.47826086957,NA,4.31107915244757
-0.1,0.5,0.1113,0.5,12,146,146,6,147,152,2006.47826086957,2006.69565217391,4.31107915244757
0,0.5,0.1131,0.5,12,146,146,1,147,NA,2006.47826086957,NA,4.34460247011315
0,0.5,0.1131,0.5,12,146,146,2,147,NA,2006.47826086957,NA,4.34460247011315
0,0.5,0.1131,0.5,12,146,146,3,147,NA,2006.47826086957,NA,4.34460247011315
0,0.5,0.1131,0.5,12,146,146,4,147,NA,2006.47826086957,NA,4.34460247011315
0,0.5,0.1131,0.5,12,146,146,5,147,NA,2006.47826086957,NA,4.34460247011315
0,0.5,0.1131,0.5,12,146,146,6,147,NA,2006.47826086957,NA,4.34460247011315
-0.5,1,0.126,0.5,12,146,146,1,147,147,2006.47826086957,2006.47826086957,3.7369815473028
-0.5,1,0.126,0.5,12,146,146,2,147,147,2006.47826086957,2006.47826086957,3.7369815473028
-0.5,1,0.126,0.5,12,146,146,3,147,147,2006.47826086957,2006.47826086957,3.7369815473028
-0.5,1,0.126,0.5,12,146,146,4,147,147,2006.47826086957,2006.47826086957,3.7369815473028
-0.5,1,0.126,0.5,12,146,146,5,147,147,2006.47826086957,2006.47826086957,3.7369815473028
-0.5,1,0.126,0.5,12,146,146,6,147,147,2006.47826086957,2006.47826086957,3.7369815473028
-0.4,1,0.1273,0.5,12,146,146,1,147,NA,2006.47826086957,NA,3.94885783704098
-0.4,1,0.1273,0.5,12,146,146,2,147,148,2006.47826086957,2006.52173913043,3.94885783704098
-0.4,1,0.1273,0.5,12,146,146,3,147,148,2006.47826086957,2006.52173913043,3.94885783704098
-0.4,1,0.1273,0.5,12,146,146,4,147,148,2006.47826086957,2006.52173913043,3.94885783704098
-0.4,1,0.1273,0.5,12,146,146,5,147,148,2006.47826086957,2006.52173913043,3.94885783704098
-0.4,1,0.1273,0.5,12,146,146,6,147,148,2006.47826086957,2006.52173913043,3.94885783704098
-0.3,1,0.1302,0.5,12,146,146,1,147,NA,2006.47826086957,NA,3.88814659650836
-0.3,1,0.1302,0.5,12,146,146,2,147,148,2006.47826086957,2006.52173913043,3.88814659650836
-0.3,1,0.1302,0.5,12,146,146,3,147,148,2006.47826086957,2006.52173913043,3.88814659650836
-0.3,1,0.1302,0.5,12,146,146,4,147,148,2006.47826086957,2006.52173913043,3.88814659650836
-0.3,1,0.1302,0.5,12,146,146,5,147,148,2006.47826086957,2006.52173913043,3.88814659650836
-0.3,1,0.1302,0.5,12,146,146,6,147,148,2006.47826086957,2006.52173913043,3.88814659650836
-0.2,1,0.1287,0.5,12,146,146,1,147,NA,2006.47826086957,NA,4.00444866520656
-0.2,1,0.1287,0.5,12,146,146,2,147,NA,2006.47826086957,NA,4.00444866520656
-0.2,1,0.1287,0.5,12,146,146,3,147,NA,2006.47826086957,NA,4.00444866520656
-0.2,1,0.1287,0.5,12,146,146,4,147,150,2006.47826086957,2006.60869565217,4.00444866520656
-0.2,1,0.1287,0.5,12,146,146,5,147,150,2006.47826086957,2006.60869565217,4.00444866520656
-0.2,1,0.1287,0.5,12,146,146,6,147,150,2006.47826086957,2006.60869565217,4.00444866520656
-0.1,1,0.1292,0.5,12,146,146,1,147,NA,2006.47826086957,NA,3.88031214047870
-0.1,1,0.1292,0.5,12,146,146,2,147,NA,2006.47826086957,NA,3.88031214047870
-0.1,1,0.1292,0.5,12,146,146,3,147,NA,2006.47826086957,NA,3.88031214047870
-0.1,1,0.1292,0.5,12,146,146,4,147,150,2006.47826086957,2006.60869565217,3.88031214047870
-0.1,1,0.1292,0.5,12,146,146,5,147,150,2006.47826086957,2006.60869565217,3.88031214047870
-0.1,1,0.1292,0.5,12,146,146,6,147,150,2006.47826086957,2006.60869565217,3.88031214047870
0,1,0.1244,0.5,12,146,146,1,147,NA,2006.47826086957,NA,3.65530564963835
0,1,0.1244,0.5,12,146,146,2,147,NA,2006.47826086957,NA,3.65530564963835
0,1,0.1244,0.5,12,146,146,3,147,NA,2006.47826086957,NA,3.65530564963835
0,1,0.1244,0.5,12,146,146,4,147,NA,2006.47826086957,NA,3.65530564963835
0,1,0.1244,0.5,12,146,146,5,147,NA,2006.47826086957,NA,3.65530564963835
0,1,0.1244,0.5,12,146,146,6,147,NA,2006.47826086957,NA,3.65530564963835
-0.5,1.5,0.1462,0.5,12,146,146,1,147,NA,2006.47826086957,NA,3.47818297198041
-0.5,1.5,0.1462,0.5,12,146,146,2,147,148,2006.47826086957,2006.52173913043,3.47818297198041
-0.5,1.5,0.1462,0.5,12,146,146,3,147,148,2006.47826086957,2006.52173913043,3.47818297198041
-0.5,1.5,0.1462,0.5,12,146,146,4,147,148,2006.47826086957,2006.52173913043,3.47818297198041
-0.5,1.5,0.1462,0.5,12,146,146,5,147,148,2006.47826086957,2006.52173913043,3.47818297198041
-0.5,1.5,0.1462,0.5,12,146,146,6,147,148,2006.47826086957,2006.52173913043,3.47818297198041
-0.4,1.5,0.1323,0.5,12,146,146,1,147,NA,2006.47826086957,NA,3.59423703882800
-0.4,1.5,0.1323,0.5,12,146,146,2,147,148,2006.47826086957,2006.52173913043,3.59423703882800
-0.4,1.5,0.1323,0.5,12,146,146,3,147,148,2006.47826086957,2006.52173913043,3.59423703882800
-0.4,1.5,0.1323,0.5,12,146,146,4,147,148,2006.47826086957,2006.52173913043,3.59423703882800
-0.4,1.5,0.1323,0.5,12,146,146,5,147,148,2006.47826086957,2006.52173913043,3.59423703882800
-0.4,1.5,0.1323,0.5,12,146,146,6,147,148,2006.47826086957,2006.52173913043,3.59423703882800
-0.3,1.5,0.1344,0.5,12,146,146,1,147,NA,2006.47826086957,NA,3.78911970024997
-0.3,1.5,0.1344,0.5,12,146,146,2,147,148,2006.47826086957,2006.52173913043,3.78911970024997
-0.3,1.5,0.1344,0.5,12,146,146,3,147,148,2006.47826086957,2006.52173913043,3.78911970024997
-0.3,1.5,0.1344,0.5,12,146,146,4,147,148,2006.47826086957,2006.52173913043,3.78911970024997
-0.3,1.5,0.1344,0.5,12,146,146,5,147,148,2006.47826086957,2006.52173913043,3.78911970024997
-0.3,1.5,0.1344,0.5,12,146,146,6,147,148,2006.47826086957,2006.52173913043,3.78911970024997
-0.2,1.5,0.1435,0.5,12,146,146,1,147,NA,2006.47826086957,NA,3.39834219038353
-0.2,1.5,0.1435,0.5,12,146,146,2,147,NA,2006.47826086957,NA,3.39834219038353
-0.2,1.5,0.1435,0.5,12,146,146,3,147,NA,2006.47826086957,NA,3.39834219038353
-0.2,1.5,0.1435,0.5,12,146,146,4,147,150,2006.47826086957,2006.60869565217,3.39834219038353
-0.2,1.5,0.1435,0.5,12,146,146,5,147,150,2006.47826086957,2006.60869565217,3.39834219038353
-0.2,1.5,0.1435,0.5,12,146,146,6,147,150,2006.47826086957,2006.60869565217,3.39834219038353
-0.1,1.5,0.1471,0.5,12,146,146,1,147,NA,2006.47826086957,NA,3.73057821547102
-0.1,1.5,0.1471,0.5,12,146,146,2,147,NA,2006.47826086957,NA,3.73057821547102
-0.1,1.5,0.1471,0.5,12,146,146,3,147,NA,2006.47826086957,NA,3.73057821547102
-0.1,1.5,0.1471,0.5,12,146,146,4,147,NA,2006.47826086957,NA,3.73057821547102
-0.1,1.5,0.1471,0.5,12,146,146,5,147,NA,2006.47826086957,NA,3.73057821547102
-0.1,1.5,0.1471,0.5,12,146,146,6,147,152,2006.47826086957,2006.69565217391,3.73057821547102
0,1.5,0.1438,0.5,12,146,28,1,147,NA,2006.47826086957,NA,3.27849258384898
0,1.5,0.1438,0.5,12,146,28,2,147,NA,2006.47826086957,NA,3.27849258384898
0,1.5,0.1438,0.5,12,146,28,3,147,NA,2006.47826086957,NA,3.27849258384898
0,1.5,0.1438,0.5,12,146,28,4,147,NA,2006.47826086957,NA,3.27849258384898
0,1.5,0.1438,0.5,12,146,28,5,147,NA,2006.47826086957,NA,3.27849258384898
0,1.5,0.1438,0.5,12,146,28,6,147,NA,2006.47826086957,NA,3.27849258384898
-0.5,2,0.1453,0.5,12,146,146,1,147,NA,2006.47826086957,NA,3.19227710441662
-0.5,2,0.1453,0.5,12,146,146,2,147,148,2006.47826086957,2006.52173913043,3.19227710441662
-0.5,2,0.1453,0.5,12,146,146,3,147,148,2006.47826086957,2006.52173913043,3.19227710441662
-0.5,2,0.1453,0.5,12,146,146,4,147,148,2006.47826086957,2006.52173913043,3.19227710441662
-0.5,2,0.1453,0.5,12,146,146,5,147,148,2006.47826086957,2006.52173913043,3.19227710441662
-0.5,2,0.1453,0.5,12,146,146,6,147,148,2006.47826086957,2006.52173913043,3.19227710441662
-0.4,2,0.1354,0.5,12,146,146,1,147,NA,2006.47826086957,NA,3.75039584273759
-0.4,2,0.1354,0.5,12,146,146,2,147,148,2006.47826086957,2006.52173913043,3.75039584273759
-0.4,2,0.1354,0.5,12,146,146,3,147,148,2006.47826086957,2006.52173913043,3.75039584273759
-0.4,2,0.1354,0.5,12,146,146,4,147,148,2006.47826086957,2006.52173913043,3.75039584273759
-0.4,2,0.1354,0.5,12,146,146,5,147,148,2006.47826086957,2006.52173913043,3.75039584273759
-0.4,2,0.1354,0.5,12,146,146,6,147,148,2006.47826086957,2006.52173913043,3.75039584273759
-0.3,2,0.1547,0.5,12,146,146,1,147,NA,2006.47826086957,NA,3.27780387526527
-0.3,2,0.1547,0.5,12,146,146,2,147,148,2006.47826086957,2006.52173913043,3.27780387526527
-0.3,2,0.1547,0.5,12,146,146,3,147,148,2006.47826086957,2006.52173913043,3.27780387526527
-0.3,2,0.1547,0.5,12,146,146,4,147,148,2006.47826086957,2006.52173913043,3.27780387526527
-0.3,2,0.1547,0.5,12,146,146,5,147,148,2006.47826086957,2006.52173913043,3.27780387526527
-0.3,2,0.1547,0.5,12,146,146,6,147,148,2006.47826086957,2006.52173913043,3.27780387526527
-0.2,2,0.1462,0.5,12,146,146,1,147,NA,2006.47826086957,NA,3.04869078767897
-0.2,2,0.1462,0.5,12,146,146,2,147,NA,2006.47826086957,NA,3.04869078767897
-0.2,2,0.1462,0.5,12,146,146,3,147,NA,2006.47826086957,NA,3.04869078767897
-0.2,2,0.1462,0.5,12,146,146,4,147,150,2006.47826086957,2006.60869565217,3.04869078767897
-0.2,2,0.1462,0.5,12,146,146,5,147,150,2006.47826086957,2006.60869565217,3.04869078767897
-0.2,2,0.1462,0.5,12,146,146,6,147,150,2006.47826086957,2006.60869565217,3.04869078767897
-0.1,2,0.1536,0.5,12,146,146,1,147,NA,2006.47826086957,NA,2.94111770003899
-0.1,2,0.1536,0.5,12,146,146,2,147,NA,2006.47826086957,NA,2.94111770003899
-0.1,2,0.1536,0.5,12,146,146,3,147,NA,2006.47826086957,NA,2.94111770003899
-0.1,2,0.1536,0.5,12,146,146,4,147,NA,2006.47826086957,NA,2.94111770003899
-0.1,2,0.1536,0.5,12,146,146,5,147,NA,2006.47826086957,NA,2.94111770003899
-0.1,2,0.1536,0.5,12,146,146,6,147,NA,2006.47826086957,NA,2.94111770003899
0,2,0.1544,0.5,12,146,70,1,147,NA,2006.47826086957,NA,3.23493988551662
0,2,0.1544,0.5,12,146,70,2,147,NA,2006.47826086957,NA,3.23493988551662
0,2,0.1544,0.5,12,146,70,3,147,NA,2006.47826086957,NA,3.23493988551662
0,2,0.1544,0.5,12,146,70,4,147,NA,2006.47826086957,NA,3.23493988551662
0,2,0.1544,0.5,12,146,70,5,147,NA,2006.47826086957,NA,3.23493988551662
0,2,0.1544,0.5,12,146,70,6,147,NA,2006.47826086957,NA,3.23493988551662
-0.5,2.5,0.166,0.5,12,146,146,1,147,147,2006.47826086957,2006.47826086957,3.25954665019854
-0.5,2.5,0.166,0.5,12,146,146,2,147,147,2006.47826086957,2006.47826086957,3.25954665019854
-0.5,2.5,0.166,0.5,12,146,146,3,147,147,2006.47826086957,2006.47826086957,3.25954665019854
-0.5,2.5,0.166,0.5,12,146,146,4,147,147,2006.47826086957,2006.47826086957,3.25954665019854
-0.5,2.5,0.166,0.5,12,146,146,5,147,147,2006.47826086957,2006.47826086957,3.25954665019854
-0.5,2.5,0.166,0.5,12,146,146,6,147,147,2006.47826086957,2006.47826086957,3.25954665019854
-0.4,2.5,0.1706,0.5,12,146,146,1,147,NA,2006.47826086957,NA,2.72532749985777
-0.4,2.5,0.1706,0.5,12,146,146,2,147,148,2006.47826086957,2006.52173913043,2.72532749985777
-0.4,2.5,0.1706,0.5,12,146,146,3,147,148,2006.47826086957,2006.52173913043,2.72532749985777
-0.4,2.5,0.1706,0.5,12,146,146,4,147,148,2006.47826086957,2006.52173913043,2.72532749985777
-0.4,2.5,0.1706,0.5,12,146,146,5,147,148,2006.47826086957,2006.52173913043,2.72532749985777
-0.4,2.5,0.1706,0.5,12,146,146,6,147,148,2006.47826086957,2006.52173913043,2.72532749985777
-0.3,2.5,0.1718,0.5,12,146,146,1,147,NA,2006.47826086957,NA,3.30223923170743
-0.3,2.5,0.1718,0.5,12,146,146,2,147,NA,2006.47826086957,NA,3.30223923170743
-0.3,2.5,0.1718,0.5,12,146,146,3,147,NA,2006.47826086957,NA,3.30223923170743
-0.3,2.5,0.1718,0.5,12,146,146,4,147,150,2006.47826086957,2006.60869565217,3.30223923170743
-0.3,2.5,0.1718,0.5,12,146,146,5,147,150,2006.47826086957,2006.60869565217,3.30223923170743
-0.3,2.5,0.1718,0.5,12,146,146,6,147,150,2006.47826086957,2006.60869565217,3.30223923170743
-0.2,2.5,0.1626,0.5,12,146,36,1,147,NA,2006.47826086957,NA,2.77665244394912
-0.2,2.5,0.1626,0.5,12,146,36,2,147,NA,2006.47826086957,NA,2.77665244394912
-0.2,2.5,0.1626,0.5,12,146,36,3,147,39,2006.47826086957,2006.56521739130,2.77665244394912
-0.2,2.5,0.1626,0.5,12,146,36,4,147,39,2006.47826086957,2006.56521739130,2.77665244394912
-0.2,2.5,0.1626,0.5,12,146,36,5,147,39,2006.47826086957,2006.56521739130,2.77665244394912
-0.2,2.5,0.1626,0.5,12,146,36,6,147,39,2006.47826086957,2006.56521739130,2.77665244394912
-0.1,2.5,0.1649,0.5,12,146,146,1,147,NA,2006.47826086957,NA,3.07652273381441
-0.1,2.5,0.1649,0.5,12,146,146,2,147,NA,2006.47826086957,NA,3.07652273381441
-0.1,2.5,0.1649,0.5,12,146,146,3,147,NA,2006.47826086957,NA,3.07652273381441
-0.1,2.5,0.1649,0.5,12,146,146,4,147,NA,2006.47826086957,NA,3.07652273381441
-0.1,2.5,0.1649,0.5,12,146,146,5,147,NA,2006.47826086957,NA,3.07652273381441
-0.1,2.5,0.1649,0.5,12,146,146,6,147,NA,2006.47826086957,NA,3.07652273381441
0,2.5,0.1627,0.5,12,146,146,1,147,NA,2006.47826086957,NA,2.99794780166873
0,2.5,0.1627,0.5,12,146,146,2,147,NA,2006.47826086957,NA,2.99794780166873
0,2.5,0.1627,0.5,12,146,146,3,147,NA,2006.47826086957,NA,2.99794780166873
0,2.5,0.1627,0.5,12,146,146,4,147,NA,2006.47826086957,NA,2.99794780166873
0,2.5,0.1627,0.5,12,146,146,5,147,NA,2006.47826086957,NA,2.99794780166873
0,2.5,0.1627,0.5,12,146,146,6,147,NA,2006.47826086957,NA,2.99794780166873
-0.5,3,0.1765,0.5,12,146,146,1,147,NA,2006.47826086957,NA,2.84705429608123
-0.5,3,0.1765,0.5,12,146,146,2,147,148,2006.47826086957,2006.52173913043,2.84705429608123
-0.5,3,0.1765,0.5,12,146,146,3,147,148,2006.47826086957,2006.52173913043,2.84705429608123
-0.5,3,0.1765,0.5,12,146,146,4,147,148,2006.47826086957,2006.52173913043,2.84705429608123
-0.5,3,0.1765,0.5,12,146,146,5,147,148,2006.47826086957,2006.52173913043,2.84705429608123
-0.5,3,0.1765,0.5,12,146,146,6,147,148,2006.47826086957,2006.52173913043,2.84705429608123
-0.4,3,0.1832,0.5,12,146,146,1,147,NA,2006.47826086957,NA,2.64301713434525
-0.4,3,0.1832,0.5,12,146,146,2,147,NA,2006.47826086957,NA,2.64301713434525
-0.4,3,0.1832,0.5,12,146,146,3,147,149,2006.47826086957,2006.56521739130,2.64301713434525
-0.4,3,0.1832,0.5,12,146,146,4,147,149,2006.47826086957,2006.56521739130,2.64301713434525
-0.4,3,0.1832,0.5,12,146,146,5,147,149,2006.47826086957,2006.56521739130,2.64301713434525
-0.4,3,0.1832,0.5,12,146,146,6,147,149,2006.47826086957,2006.56521739130,2.64301713434525
-0.3,3,0.1781,0.5,12,146,146,1,147,NA,2006.47826086957,NA,2.56274262098273
-0.3,3,0.1781,0.5,12,146,146,2,147,NA,2006.47826086957,NA,2.56274262098273
-0.3,3,0.1781,0.5,12,146,146,3,147,NA,2006.47826086957,NA,2.56274262098273
-0.3,3,0.1781,0.5,12,146,146,4,147,150,2006.47826086957,2006.60869565217,2.56274262098273
-0.3,3,0.1781,0.5,12,146,146,5,147,150,2006.47826086957,2006.60869565217,2.56274262098273
-0.3,3,0.1781,0.5,12,146,146,6,147,150,2006.47826086957,2006.60869565217,2.56274262098273
-0.2,3,0.1892,0.5,12,146,46,1,147,NA,2006.47826086957,NA,2.96096712277672
-0.2,3,0.1892,0.5,12,146,46,2,147,NA,2006.47826086957,NA,2.96096712277672
-0.2,3,0.1892,0.5,12,146,46,3,147,49,2006.47826086957,2006.56521739130,2.96096712277672
-0.2,3,0.1892,0.5,12,146,46,4,147,49,2006.47826086957,2006.56521739130,2.96096712277672
-0.2,3,0.1892,0.5,12,146,46,5,147,49,2006.47826086957,2006.56521739130,2.96096712277672
-0.2,3,0.1892,0.5,12,146,46,6,147,49,2006.47826086957,2006.56521739130,2.96096712277672
-0.1,3,0.2011,0.5,12,146,146,1,147,NA,2006.47826086957,NA,2.79481654928165
-0.1,3,0.2011,0.5,12,146,146,2,147,NA,2006.47826086957,NA,2.79481654928165
-0.1,3,0.2011,0.5,12,146,146,3,147,NA,2006.47826086957,NA,2.79481654928165
-0.1,3,0.2011,0.5,12,146,146,4,147,NA,2006.47826086957,NA,2.79481654928165
-0.1,3,0.2011,0.5,12,146,146,5,147,NA,2006.47826086957,NA,2.79481654928165
-0.1,3,0.2011,0.5,12,146,146,6,147,NA,2006.47826086957,NA,2.79481654928165
0,3,0.1713,0.5,12,146,146,1,147,NA,2006.47826086957,NA,2.9727715074279
0,3,0.1713,0.5,12,146,146,2,147,NA,2006.47826086957,NA,2.9727715074279
0,3,0.1713,0.5,12,146,146,3,147,NA,2006.47826086957,NA,2.9727715074279
0,3,0.1713,0.5,12,146,146,4,147,NA,2006.47826086957,NA,2.9727715074279
0,3,0.1713,0.5,12,146,146,5,147,NA,2006.47826086957,NA,2.9727715074279
0,3,0.1713,0.5,12,146,146,6,147,NA,2006.47826086957,NA,2.9727715074279
-0.5,3.5,0.1797,0.5,12,146,146,1,147,NA,2006.47826086957,NA,2.66690298019440
-0.5,3.5,0.1797,0.5,12,146,146,2,147,148,2006.47826086957,2006.52173913043,2.66690298019440
-0.5,3.5,0.1797,0.5,12,146,146,3,147,148,2006.47826086957,2006.52173913043,2.66690298019440
-0.5,3.5,0.1797,0.5,12,146,146,4,147,148,2006.47826086957,2006.52173913043,2.66690298019440
-0.5,3.5,0.1797,0.5,12,146,146,5,147,148,2006.47826086957,2006.52173913043,2.66690298019440
-0.5,3.5,0.1797,0.5,12,146,146,6,147,148,2006.47826086957,2006.52173913043,2.66690298019440
-0.4,3.5,0.1743,0.5,12,146,146,1,147,NA,2006.47826086957,NA,2.62327079126292
-0.4,3.5,0.1743,0.5,12,146,146,2,147,148,2006.47826086957,2006.52173913043,2.62327079126292
-0.4,3.5,0.1743,0.5,12,146,146,3,147,148,2006.47826086957,2006.52173913043,2.62327079126292
-0.4,3.5,0.1743,0.5,12,146,146,4,147,148,2006.47826086957,2006.52173913043,2.62327079126292
-0.4,3.5,0.1743,0.5,12,146,146,5,147,148,2006.47826086957,2006.52173913043,2.62327079126292
-0.4,3.5,0.1743,0.5,12,146,146,6,147,148,2006.47826086957,2006.52173913043,2.62327079126292
-0.3,3.5,0.1774,0.5,12,146,25,1,147,NA,2006.47826086957,NA,2.26137362312693
-0.3,3.5,0.1774,0.5,12,146,25,2,147,27,2006.47826086957,2006.52173913043,2.26137362312693
-0.3,3.5,0.1774,0.5,12,146,25,3,147,27,2006.47826086957,2006.52173913043,2.26137362312693
-0.3,3.5,0.1774,0.5,12,146,25,4,147,27,2006.47826086957,2006.52173913043,2.26137362312693
-0.3,3.5,0.1774,0.5,12,146,25,5,147,27,2006.47826086957,2006.52173913043,2.26137362312693
-0.3,3.5,0.1774,0.5,12,146,25,6,147,27,2006.47826086957,2006.52173913043,2.26137362312693
-0.2,3.5,0.2057,0.5,12,146,146,1,147,NA,2006.47826086957,NA,2.73302386249396
-0.2,3.5,0.2057,0.5,12,146,146,2,147,NA,2006.47826086957,NA,2.73302386249396
-0.2,3.5,0.2057,0.5,12,146,146,3,147,149,2006.47826086957,2006.56521739130,2.73302386249396
-0.2,3.5,0.2057,0.5,12,146,146,4,147,149,2006.47826086957,2006.56521739130,2.73302386249396
-0.2,3.5,0.2057,0.5,12,146,146,5,147,149,2006.47826086957,2006.56521739130,2.73302386249396
-0.2,3.5,0.2057,0.5,12,146,146,6,147,149,2006.47826086957,2006.56521739130,2.73302386249396
-0.1,3.5,0.1805,0.5,12,146,146,1,147,NA,2006.47826086957,NA,2.38713828786754
-0.1,3.5,0.1805,0.5,12,146,146,2,147,NA,2006.47826086957,NA,2.38713828786754
-0.1,3.5,0.1805,0.5,12,146,146,3,147,NA,2006.47826086957,NA,2.38713828786754
-0.1,3.5,0.1805,0.5,12,146,146,4,147,NA,2006.47826086957,NA,2.38713828786754
-0.1,3.5,0.1805,0.5,12,146,146,5,147,NA,2006.47826086957,NA,2.38713828786754
-0.1,3.5,0.1805,0.5,12,146,146,6,147,NA,2006.47826086957,NA,2.38713828786754
0,3.5,0.1893,0.5,12,146,146,1,147,NA,2006.47826086957,NA,2.87512704003412
0,3.5,0.1893,0.5,12,146,146,2,147,NA,2006.47826086957,NA,2.87512704003412
0,3.5,0.1893,0.5,12,146,146,3,147,NA,2006.47826086957,NA,2.87512704003412
0,3.5,0.1893,0.5,12,146,146,4,147,NA,2006.47826086957,NA,2.87512704003412
0,3.5,0.1893,0.5,12,146,146,5,147,NA,2006.47826086957,NA,2.87512704003412
0,3.5,0.1893,0.5,12,146,146,6,147,NA,2006.47826086957,NA,2.87512704003412
-0.5,4,0.1979,0.5,12,146,146,1,147,NA,2006.47826086957,NA,2.29098472124455
-0.5,4,0.1979,0.5,12,146,146,2,147,NA,2006.47826086957,NA,2.29098472124455
-0.5,4,0.1979,0.5,12,146,146,3,147,149,2006.47826086957,2006.56521739130,2.29098472124455
-0.5,4,0.1979,0.5,12,146,146,4,147,149,2006.47826086957,2006.56521739130,2.29098472124455
-0.5,4,0.1979,0.5,12,146,146,5,147,149,2006.47826086957,2006.56521739130,2.29098472124455
-0.5,4,0.1979,0.5,12,146,146,6,147,149,2006.47826086957,2006.56521739130,2.29098472124455
-0.4,4,0.2277,0.5,12,146,146,1,147,NA,2006.47826086957,NA,2.22004451515605
-0.4,4,0.2277,0.5,12,146,146,2,147,NA,2006.47826086957,NA,2.22004451515605
-0.4,4,0.2277,0.5,12,146,146,3,147,149,2006.47826086957,2006.56521739130,2.22004451515605
-0.4,4,0.2277,0.5,12,146,146,4,147,149,2006.47826086957,2006.56521739130,2.22004451515605
-0.4,4,0.2277,0.5,12,146,146,5,147,149,2006.47826086957,2006.56521739130,2.22004451515605
-0.4,4,0.2277,0.5,12,146,146,6,147,149,2006.47826086957,2006.56521739130,2.22004451515605
-0.3,4,0.2093,0.5,12,146,146,1,147,NA,2006.47826086957,NA,2.54258542584254
-0.3,4,0.2093,0.5,12,146,146,2,147,NA,2006.47826086957,NA,2.54258542584254
-0.3,4,0.2093,0.5,12,146,146,3,147,NA,2006.47826086957,NA,2.54258542584254
-0.3,4,0.2093,0.5,12,146,146,4,147,150,2006.47826086957,2006.60869565217,2.54258542584254
-0.3,4,0.2093,0.5,12,146,146,5,147,150,2006.47826086957,2006.60869565217,2.54258542584254
-0.3,4,0.2093,0.5,12,146,146,6,147,150,2006.47826086957,2006.60869565217,2.54258542584254
-0.2,4,0.1929,0.5,12,146,146,1,147,NA,2006.47826086957,NA,2.41847986708583
-0.2,4,0.1929,0.5,12,146,146,2,147,NA,2006.47826086957,NA,2.41847986708583
-0.2,4,0.1929,0.5,12,146,146,3,147,NA,2006.47826086957,NA,2.41847986708583
-0.2,4,0.1929,0.5,12,146,146,4,147,NA,2006.47826086957,NA,2.41847986708583
-0.2,4,0.1929,0.5,12,146,146,5,147,151,2006.47826086957,2006.65217391304,2.41847986708583
-0.2,4,0.1929,0.5,12,146,146,6,147,151,2006.47826086957,2006.65217391304,2.41847986708583
-0.1,4,0.1915,0.5,12,146,146,1,147,NA,2006.47826086957,NA,2.72037529252066
-0.1,4,0.1915,0.5,12,146,146,2,147,NA,2006.47826086957,NA,2.72037529252066
-0.1,4,0.1915,0.5,12,146,146,3,147,NA,2006.47826086957,NA,2.72037529252066
-0.1,4,0.1915,0.5,12,146,146,4,147,NA,2006.47826086957,NA,2.72037529252066
-0.1,4,0.1915,0.5,12,146,146,5,147,NA,2006.47826086957,NA,2.72037529252066
-0.1,4,0.1915,0.5,12,146,146,6,147,NA,2006.47826086957,NA,2.72037529252066
0,4,0.242,0.5,12,146,146,1,147,NA,2006.47826086957,NA,1.84145876221897
0,4,0.242,0.5,12,146,146,2,147,NA,2006.47826086957,NA,1.84145876221897
0,4,0.242,0.5,12,146,146,3,147,NA,2006.47826086957,NA,1.84145876221897
0,4,0.242,0.5,12,146,146,4,147,NA,2006.47826086957,NA,1.84145876221897
0,4,0.242,0.5,12,146,146,5,147,NA,2006.47826086957,NA,1.84145876221897
0,4,0.242,0.5,12,146,146,6,147,NA,2006.47826086957,NA,1.84145876221897
-0.5,4.5,0.2374,0.5,12,146,146,1,147,NA,2006.47826086957,NA,2.10374485029421
-0.5,4.5,0.2374,0.5,12,146,146,2,147,NA,2006.47826086957,NA,2.10374485029421
-0.5,4.5,0.2374,0.5,12,146,146,3,147,149,2006.47826086957,2006.56521739130,2.10374485029421
-0.5,4.5,0.2374,0.5,12,146,146,4,147,149,2006.47826086957,2006.56521739130,2.10374485029421
-0.5,4.5,0.2374,0.5,12,146,146,5,147,149,2006.47826086957,2006.56521739130,2.10374485029421
-0.5,4.5,0.2374,0.5,12,146,146,6,147,149,2006.47826086957,2006.56521739130,2.10374485029421
-0.4,4.5,0.2403,0.5,12,146,32,1,147,NA,2006.47826086957,NA,2.44699846551381
-0.4,4.5,0.2403,0.5,12,146,32,2,147,34,2006.47826086957,2006.52173913043,2.44699846551381
-0.4,4.5,0.2403,0.5,12,146,32,3,147,34,2006.47826086957,2006.52173913043,2.44699846551381
-0.4,4.5,0.2403,0.5,12,146,32,4,147,34,2006.47826086957,2006.52173913043,2.44699846551381
-0.4,4.5,0.2403,0.5,12,146,32,5,147,34,2006.47826086957,2006.52173913043,2.44699846551381
-0.4,4.5,0.2403,0.5,12,146,32,6,147,34,2006.47826086957,2006.52173913043,2.44699846551381
-0.3,4.5,0.24,0.5,12,146,146,1,147,NA,2006.47826086957,NA,2.32109740744185
-0.3,4.5,0.24,0.5,12,146,146,2,147,NA,2006.47826086957,NA,2.32109740744185
-0.3,4.5,0.24,0.5,12,146,146,3,147,NA,2006.47826086957,NA,2.32109740744185
-0.3,4.5,0.24,0.5,12,146,146,4,147,NA,2006.47826086957,NA,2.32109740744185
-0.3,4.5,0.24,0.5,12,146,146,5,147,151,2006.47826086957,2006.65217391304,2.32109740744185
-0.3,4.5,0.24,0.5,12,146,146,6,147,151,2006.47826086957,2006.65217391304,2.32109740744185
-0.2,4.5,0.215,0.5,12,146,146,1,147,NA,2006.47826086957,NA,2.37971941188844
-0.2,4.5,0.215,0.5,12,146,146,2,147,NA,2006.47826086957,NA,2.37971941188844
-0.2,4.5,0.215,0.5,12,146,146,3,147,NA,2006.47826086957,NA,2.37971941188844
-0.2,4.5,0.215,0.5,12,146,146,4,147,NA,2006.47826086957,NA,2.37971941188844
-0.2,4.5,0.215,0.5,12,146,146,5,147,NA,2006.47826086957,NA,2.37971941188844
-0.2,4.5,0.215,0.5,12,146,146,6,147,152,2006.47826086957,2006.69565217391,2.37971941188844
-0.1,4.5,0.247,0.5,12,146,146,1,147,NA,2006.47826086957,NA,1.86618999890817
-0.1,4.5,0.247,0.5,12,146,146,2,147,NA,2006.47826086957,NA,1.86618999890817
-0.1,4.5,0.247,0.5,12,146,146,3,147,NA,2006.47826086957,NA,1.86618999890817
-0.1,4.5,0.247,0.5,12,146,146,4,147,NA,2006.47826086957,NA,1.86618999890817
-0.1,4.5,0.247,0.5,12,146,146,5,147,NA,2006.47826086957,NA,1.86618999890817
-0.1,4.5,0.247,0.5,12,146,146,6,147,NA,2006.47826086957,NA,1.86618999890817
0,4.5,0.2337,0.5,12,146,146,1,147,NA,2006.47826086957,NA,2.27143770401131
0,4.5,0.2337,0.5,12,146,146,2,147,NA,2006.47826086957,NA,2.27143770401131
0,4.5,0.2337,0.5,12,146,146,3,147,NA,2006.47826086957,NA,2.27143770401131
0,4.5,0.2337,0.5,12,146,146,4,147,NA,2006.47826086957,NA,2.27143770401131
0,4.5,0.2337,0.5,12,146,146,5,147,NA,2006.47826086957,NA,2.27143770401131
0,4.5,0.2337,0.5,12,146,146,6,147,NA,2006.47826086957,NA,2.27143770401131
-0.5,5,0.305,0.5,12,146,146,1,147,NA,2006.47826086957,NA,2.24732640884367
-0.5,5,0.305,0.5,12,146,146,2,147,NA,2006.47826086957,NA,2.24732640884367
-0.5,5,0.305,0.5,12,146,146,3,147,149,2006.47826086957,2006.56521739130,2.24732640884367
-0.5,5,0.305,0.5,12,146,146,4,147,149,2006.47826086957,2006.56521739130,2.24732640884367
-0.5,5,0.305,0.5,12,146,146,5,147,149,2006.47826086957,2006.56521739130,2.24732640884367
-0.5,5,0.305,0.5,12,146,146,6,147,149,2006.47826086957,2006.56521739130,2.24732640884367
-0.4,5,0.2465,0.5,12,146,146,1,147,NA,2006.47826086957,NA,2.39826805773165
-0.4,5,0.2465,0.5,12,146,146,2,147,NA,2006.47826086957,NA,2.39826805773165
-0.4,5,0.2465,0.5,12,146,146,3,147,149,2006.47826086957,2006.56521739130,2.39826805773165
-0.4,5,0.2465,0.5,12,146,146,4,147,149,2006.47826086957,2006.56521739130,2.39826805773165
-0.4,5,0.2465,0.5,12,146,146,5,147,149,2006.47826086957,2006.56521739130,2.39826805773165
-0.4,5,0.2465,0.5,12,146,146,6,147,149,2006.47826086957,2006.56521739130,2.39826805773165
-0.3,5,0.2499,0.5,12,146,146,1,147,NA,2006.47826086957,NA,2.09476209358706
-0.3,5,0.2499,0.5,12,146,146,2,147,NA,2006.47826086957,NA,2.09476209358706
-0.3,5,0.2499,0.5,12,146,146,3,147,NA,2006.47826086957,NA,2.09476209358706
-0.3,5,0.2499,0.5,12,146,146,4,147,NA,2006.47826086957,NA,2.09476209358706
-0.3,5,0.2499,0.5,12,146,146,5,147,151,2006.47826086957,2006.65217391304,2.09476209358706
-0.3,5,0.2499,0.5,12,146,146,6,147,151,2006.47826086957,2006.65217391304,2.09476209358706
-0.2,5,0.3552,0.5,12,146,146,1,147,NA,2006.47826086957,NA,1.98049452391924
-0.2,5,0.3552,0.5,12,146,146,2,147,NA,2006.47826086957,NA,1.98049452391924
-0.2,5,0.3552,0.5,12,146,146,3,147,NA,2006.47826086957,NA,1.98049452391924
-0.2,5,0.3552,0.5,12,146,146,4,147,NA,2006.47826086957,NA,1.98049452391924
-0.2,5,0.3552,0.5,12,146,146,5,147,NA,2006.47826086957,NA,1.98049452391924
-0.2,5,0.3552,0.5,12,146,146,6,147,152,2006.47826086957,2006.69565217391,1.98049452391924
-0.1,5,0.272,0.5,12,146,146,1,147,NA,2006.47826086957,NA,1.73198503088594
-0.1,5,0.272,0.5,12,146,146,2,147,NA,2006.47826086957,NA,1.73198503088594
-0.1,5,0.272,0.5,12,146,146,3,147,NA,2006.47826086957,NA,1.73198503088594
-0.1,5,0.272,0.5,12,146,146,4,147,NA,2006.47826086957,NA,1.73198503088594
-0.1,5,0.272,0.5,12,146,146,5,147,NA,2006.47826086957,NA,1.73198503088594
-0.1,5,0.272,0.5,12,146,146,6,147,NA,2006.47826086957,NA,1.73198503088594
0,5,0.2979,0.5,12,146,146,1,147,NA,2006.47826086957,NA,1.86215049998672
0,5,0.2979,0.5,12,146,146,2,147,NA,2006.47826086957,NA,1.86215049998672
0,5,0.2979,0.5,12,146,146,3,147,NA,2006.47826086957,NA,1.86215049998672
0,5,0.2979,0.5,12,146,146,4,147,NA,2006.47826086957,NA,1.86215049998672
0,5,0.2979,0.5,12,146,146,5,147,NA,2006.47826086957,NA,1.86215049998672
0,5,0.2979,0.5,12,146,146,6,147,NA,2006.47826086957,NA,1.86215049998672
-0.5,5.5,0.3198,0.5,12,146,146,1,147,NA,2006.47826086957,NA,1.65381032544678
-0.5,5.5,0.3198,0.5,12,146,146,2,147,148,2006.47826086957,2006.52173913043,1.65381032544678
-0.5,5.5,0.3198,0.5,12,146,146,3,147,148,2006.47826086957,2006.52173913043,1.65381032544678
-0.5,5.5,0.3198,0.5,12,146,146,4,147,148,2006.47826086957,2006.52173913043,1.65381032544678
-0.5,5.5,0.3198,0.5,12,146,146,5,147,148,2006.47826086957,2006.52173913043,1.65381032544678
-0.5,5.5,0.3198,0.5,12,146,146,6,147,148,2006.47826086957,2006.52173913043,1.65381032544678
-0.4,5.5,0.2829,0.5,12,146,146,1,147,NA,2006.47826086957,NA,2.03494184395517
-0.4,5.5,0.2829,0.5,12,146,146,2,147,NA,2006.47826086957,NA,2.03494184395517
-0.4,5.5,0.2829,0.5,12,146,146,3,147,NA,2006.47826086957,NA,2.03494184395517
-0.4,5.5,0.2829,0.5,12,146,146,4,147,150,2006.47826086957,2006.60869565217,2.03494184395517
-0.4,5.5,0.2829,0.5,12,146,146,5,147,150,2006.47826086957,2006.60869565217,2.03494184395517
-0.4,5.5,0.2829,0.5,12,146,146,6,147,150,2006.47826086957,2006.60869565217,2.03494184395517
-0.3,5.5,0.2433,0.5,12,146,146,1,147,NA,2006.47826086957,NA,1.90121487544195
-0.3,5.5,0.2433,0.5,12,146,146,2,147,NA,2006.47826086957,NA,1.90121487544195
-0.3,5.5,0.2433,0.5,12,146,146,3,147,NA,2006.47826086957,NA,1.90121487544195
-0.3,5.5,0.2433,0.5,12,146,146,4,147,150,2006.47826086957,2006.60869565217,1.90121487544195
-0.3,5.5,0.2433,0.5,12,146,146,5,147,150,2006.47826086957,2006.60869565217,1.90121487544195
-0.3,5.5,0.2433,0.5,12,146,146,6,147,150,2006.47826086957,2006.60869565217,1.90121487544195
-0.2,5.5,0.3376,0.5,12,146,146,1,147,NA,2006.47826086957,NA,1.77265712068016
-0.2,5.5,0.3376,0.5,12,146,146,2,147,NA,2006.47826086957,NA,1.77265712068016
-0.2,5.5,0.3376,0.5,12,146,146,3,147,NA,2006.47826086957,NA,1.77265712068016
-0.2,5.5,0.3376,0.5,12,146,146,4,147,NA,2006.47826086957,NA,1.77265712068016
-0.2,5.5,0.3376,0.5,12,146,146,5,147,151,2006.47826086957,2006.65217391304,1.77265712068016
-0.2,5.5,0.3376,0.5,12,146,146,6,147,151,2006.47826086957,2006.65217391304,1.77265712068016
-0.1,5.5,0.2755,0.5,12,146,146,1,147,NA,2006.47826086957,NA,1.88643426160525
-0.1,5.5,0.2755,0.5,12,146,146,2,147,NA,2006.47826086957,NA,1.88643426160525
-0.1,5.5,0.2755,0.5,12,146,146,3,147,NA,2006.47826086957,NA,1.88643426160525
-0.1,5.5,0.2755,0.5,12,146,146,4,147,NA,2006.47826086957,NA,1.88643426160525
-0.1,5.5,0.2755,0.5,12,146,146,5,147,NA,2006.47826086957,NA,1.88643426160525
-0.1,5.5,0.2755,0.5,12,146,146,6,147,NA,2006.47826086957,NA,1.88643426160525
0,5.5,0.2918,0.5,12,146,146,1,147,NA,2006.47826086957,NA,2.34019715217496
0,5.5,0.2918,0.5,12,146,146,2,147,NA,2006.47826086957,NA,2.34019715217496
0,5.5,0.2918,0.5,12,146,146,3,147,NA,2006.47826086957,NA,2.34019715217496
0,5.5,0.2918,0.5,12,146,146,4,147,NA,2006.47826086957,NA,2.34019715217496
0,5.5,0.2918,0.5,12,146,146,5,147,NA,2006.47826086957,NA,2.34019715217496
0,5.5,0.2918,0.5,12,146,146,6,147,NA,2006.47826086957,NA,2.34019715217496
-0.5,6,0.2687,0.5,12,146,146,1,147,NA,2006.47826086957,NA,1.66140167789339
-0.5,6,0.2687,0.5,12,146,146,2,147,NA,2006.47826086957,NA,1.66140167789339
-0.5,6,0.2687,0.5,12,146,146,3,147,NA,2006.47826086957,NA,1.66140167789339
-0.5,6,0.2687,0.5,12,146,146,4,147,150,2006.47826086957,2006.60869565217,1.66140167789339
-0.5,6,0.2687,0.5,12,146,146,5,147,150,2006.47826086957,2006.60869565217,1.66140167789339
-0.5,6,0.2687,0.5,12,146,146,6,147,150,2006.47826086957,2006.60869565217,1.66140167789339
-0.4,6,0.402,0.5,12,146,146,1,147,NA,2006.47826086957,NA,1.54854930942750
-0.4,6,0.402,0.5,12,146,146,2,147,NA,2006.47826086957,NA,1.54854930942750
-0.4,6,0.402,0.5,12,146,146,3,147,NA,2006.47826086957,NA,1.54854930942750
-0.4,6,0.402,0.5,12,146,146,4,147,NA,2006.47826086957,NA,1.54854930942750
-0.4,6,0.402,0.5,12,146,146,5,147,151,2006.47826086957,2006.65217391304,1.54854930942750
-0.4,6,0.402,0.5,12,146,146,6,147,151,2006.47826086957,2006.65217391304,1.54854930942750
-0.3,6,0.2989,0.5,12,146,146,1,147,NA,2006.47826086957,NA,1.70609637528589
-0.3,6,0.2989,0.5,12,146,146,2,147,NA,2006.47826086957,NA,1.70609637528589
-0.3,6,0.2989,0.5,12,146,146,3,147,NA,2006.47826086957,NA,1.70609637528589
-0.3,6,0.2989,0.5,12,146,146,4,147,NA,2006.47826086957,NA,1.70609637528589
-0.3,6,0.2989,0.5,12,146,146,5,147,151,2006.47826086957,2006.65217391304,1.70609637528589
-0.3,6,0.2989,0.5,12,146,146,6,147,151,2006.47826086957,2006.65217391304,1.70609637528589
-0.2,6,0.348,0.5,12,146,146,1,147,NA,2006.47826086957,NA,1.72649369177108
-0.2,6,0.348,0.5,12,146,146,2,147,NA,2006.47826086957,NA,1.72649369177108
-0.2,6,0.348,0.5,12,146,146,3,147,NA,2006.47826086957,NA,1.72649369177108
-0.2,6,0.348,0.5,12,146,146,4,147,NA,2006.47826086957,NA,1.72649369177108
-0.2,6,0.348,0.5,12,146,146,5,147,NA,2006.47826086957,NA,1.72649369177108
-0.2,6,0.348,0.5,12,146,146,6,147,NA,2006.47826086957,NA,1.72649369177108
-0.1,6,0.267,0.5,12,146,146,1,147,NA,2006.47826086957,NA,1.84026704749132
-0.1,6,0.267,0.5,12,146,146,2,147,NA,2006.47826086957,NA,1.84026704749132
-0.1,6,0.267,0.5,12,146,146,3,147,NA,2006.47826086957,NA,1.84026704749132
-0.1,6,0.267,0.5,12,146,146,4,147,NA,2006.47826086957,NA,1.84026704749132
-0.1,6,0.267,0.5,12,146,146,5,147,NA,2006.47826086957,NA,1.84026704749132
-0.1,6,0.267,0.5,12,146,146,6,147,NA,2006.47826086957,NA,1.84026704749132
0,6,0.2716,0.5,12,146,146,1,147,NA,2006.47826086957,NA,1.73552976941183
0,6,0.2716,0.5,12,146,146,2,147,NA,2006.47826086957,NA,1.73552976941183
0,6,0.2716,0.5,12,146,146,3,147,NA,2006.47826086957,NA,1.73552976941183
0,6,0.2716,0.5,12,146,146,4,147,NA,2006.47826086957,NA,1.73552976941183
0,6,0.2716,0.5,12,146,146,5,147,NA,2006.47826086957,NA,1.73552976941183
0,6,0.2716,0.5,12,146,146,6,147,NA,2006.47826086957,NA,1.73552976941183
-0.5,6.5,0.3241,0.5,12,146,146,1,147,NA,2006.47826086957,NA,1.65490009018962
-0.5,6.5,0.3241,0.5,12,146,146,2,147,NA,2006.47826086957,NA,1.65490009018962
-0.5,6.5,0.3241,0.5,12,146,146,3,147,NA,2006.47826086957,NA,1.65490009018962
-0.5,6.5,0.3241,0.5,12,146,146,4,147,150,2006.47826086957,2006.60869565217,1.65490009018962
-0.5,6.5,0.3241,0.5,12,146,146,5,147,150,2006.47826086957,2006.60869565217,1.65490009018962
-0.5,6.5,0.3241,0.5,12,146,146,6,147,150,2006.47826086957,2006.60869565217,1.65490009018962
-0.4,6.5,0.4133,0.5,12,146,146,1,147,NA,2006.47826086957,NA,1.78214996721161
-0.4,6.5,0.4133,0.5,12,146,146,2,147,NA,2006.47826086957,NA,1.78214996721161
-0.4,6.5,0.4133,0.5,12,146,146,3,147,NA,2006.47826086957,NA,1.78214996721161
-0.4,6.5,0.4133,0.5,12,146,146,4,147,150,2006.47826086957,2006.60869565217,1.78214996721161
-0.4,6.5,0.4133,0.5,12,146,146,5,147,150,2006.47826086957,2006.60869565217,1.78214996721161
-0.4,6.5,0.4133,0.5,12,146,146,6,147,150,2006.47826086957,2006.60869565217,1.78214996721161
-0.3,6.5,0.3377,0.5,12,146,146,1,147,NA,2006.47826086957,NA,1.57860810913018
-0.3,6.5,0.3377,0.5,12,146,146,2,147,NA,2006.47826086957,NA,1.57860810913018
-0.3,6.5,0.3377,0.5,12,146,146,3,147,NA,2006.47826086957,NA,1.57860810913018
-0.3,6.5,0.3377,0.5,12,146,146,4,147,NA,2006.47826086957,NA,1.57860810913018
-0.3,6.5,0.3377,0.5,12,146,146,5,147,151,2006.47826086957,2006.65217391304,1.57860810913018
-0.3,6.5,0.3377,0.5,12,146,146,6,147,151,2006.47826086957,2006.65217391304,1.57860810913018
-0.2,6.5,0.4224,0.5,12,146,146,1,147,NA,2006.47826086957,NA,1.47172806314992
-0.2,6.5,0.4224,0.5,12,146,146,2,147,NA,2006.47826086957,NA,1.47172806314992
-0.2,6.5,0.4224,0.5,12,146,146,3,147,NA,2006.47826086957,NA,1.47172806314992
-0.2,6.5,0.4224,0.5,12,146,146,4,147,NA,2006.47826086957,NA,1.47172806314992
-0.2,6.5,0.4224,0.5,12,146,146,5,147,NA,2006.47826086957,NA,1.47172806314992
-0.2,6.5,0.4224,0.5,12,146,146,6,147,NA,2006.47826086957,NA,1.47172806314992
-0.1,6.5,0.3374,0.5,12,146,146,1,147,NA,2006.47826086957,NA,1.92737616267069
-0.1,6.5,0.3374,0.5,12,146,146,2,147,NA,2006.47826086957,NA,1.92737616267069
-0.1,6.5,0.3374,0.5,12,146,146,3,147,NA,2006.47826086957,NA,1.92737616267069
-0.1,6.5,0.3374,0.5,12,146,146,4,147,NA,2006.47826086957,NA,1.92737616267069
-0.1,6.5,0.3374,0.5,12,146,146,5,147,NA,2006.47826086957,NA,1.92737616267069
-0.1,6.5,0.3374,0.5,12,146,146,6,147,NA,2006.47826086957,NA,1.92737616267069
0,6.5,0.368,0.5,12,146,146,1,147,NA,2006.47826086957,NA,1.66192654381548
0,6.5,0.368,0.5,12,146,146,2,147,NA,2006.47826086957,NA,1.66192654381548
0,6.5,0.368,0.5,12,146,146,3,147,NA,2006.47826086957,NA,1.66192654381548
0,6.5,0.368,0.5,12,146,146,4,147,NA,2006.47826086957,NA,1.66192654381548
0,6.5,0.368,0.5,12,146,146,5,147,NA,2006.47826086957,NA,1.66192654381548
0,6.5,0.368,0.5,12,146,146,6,147,NA,2006.47826086957,NA,1.66192654381548
-0.5,7,0.4191,0.5,12,146,146,1,147,NA,2006.47826086957,NA,1.68170392100309
-0.5,7,0.4191,0.5,12,146,146,2,147,NA,2006.47826086957,NA,1.68170392100309
-0.5,7,0.4191,0.5,12,146,146,3,147,NA,2006.47826086957,NA,1.68170392100309
-0.5,7,0.4191,0.5,12,146,146,4,147,150,2006.47826086957,2006.60869565217,1.68170392100309
-0.5,7,0.4191,0.5,12,146,146,5,147,150,2006.47826086957,2006.60869565217,1.68170392100309
-0.5,7,0.4191,0.5,12,146,146,6,147,150,2006.47826086957,2006.60869565217,1.68170392100309
-0.4,7,0.3515,0.5,12,146,146,1,147,NA,2006.47826086957,NA,1.69230108608732
-0.4,7,0.3515,0.5,12,146,146,2,147,NA,2006.47826086957,NA,1.69230108608732
-0.4,7,0.3515,0.5,12,146,146,3,147,NA,2006.47826086957,NA,1.69230108608732
-0.4,7,0.3515,0.5,12,146,146,4,147,150,2006.47826086957,2006.60869565217,1.69230108608732
-0.4,7,0.3515,0.5,12,146,146,5,147,150,2006.47826086957,2006.60869565217,1.69230108608732
-0.4,7,0.3515,0.5,12,146,146,6,147,150,2006.47826086957,2006.60869565217,1.69230108608732
-0.3,7,0.4505,0.5,12,146,146,1,147,NA,2006.47826086957,NA,1.35695850484707
-0.3,7,0.4505,0.5,12,146,146,2,147,NA,2006.47826086957,NA,1.35695850484707
-0.3,7,0.4505,0.5,12,146,146,3,147,NA,2006.47826086957,NA,1.35695850484707
-0.3,7,0.4505,0.5,12,146,146,4,147,NA,2006.47826086957,NA,1.35695850484707
-0.3,7,0.4505,0.5,12,146,146,5,147,151,2006.47826086957,2006.65217391304,1.35695850484707
-0.3,7,0.4505,0.5,12,146,146,6,147,151,2006.47826086957,2006.65217391304,1.35695850484707
-0.2,7,0.3455,0.5,12,146,146,1,147,NA,2006.47826086957,NA,1.35916750195615
-0.2,7,0.3455,0.5,12,146,146,2,147,NA,2006.47826086957,NA,1.35916750195615
-0.2,7,0.3455,0.5,12,146,146,3,147,NA,2006.47826086957,NA,1.35916750195615
-0.2,7,0.3455,0.5,12,146,146,4,147,NA,2006.47826086957,NA,1.35916750195615
-0.2,7,0.3455,0.5,12,146,146,5,147,NA,2006.47826086957,NA,1.35916750195615
-0.2,7,0.3455,0.5,12,146,146,6,147,NA,2006.47826086957,NA,1.35916750195615
-0.1,7,0.3483,0.5,12,146,146,1,147,NA,2006.47826086957,NA,1.50941002743900
-0.1,7,0.3483,0.5,12,146,146,2,147,NA,2006.47826086957,NA,1.50941002743900
-0.1,7,0.3483,0.5,12,146,146,3,147,NA,2006.47826086957,NA,1.50941002743900
-0.1,7,0.3483,0.5,12,146,146,4,147,NA,2006.47826086957,NA,1.50941002743900
-0.1,7,0.3483,0.5,12,146,146,5,147,NA,2006.47826086957,NA,1.50941002743900
-0.1,7,0.3483,0.5,12,146,146,6,147,NA,2006.47826086957,NA,1.50941002743900
0,7,0.3419,0.5,12,146,146,1,147,NA,2006.47826086957,NA,1.58970546146422
0,7,0.3419,0.5,12,146,146,2,147,NA,2006.47826086957,NA,1.58970546146422
0,7,0.3419,0.5,12,146,146,3,147,NA,2006.47826086957,NA,1.58970546146422
0,7,0.3419,0.5,12,146,146,4,147,NA,2006.47826086957,NA,1.58970546146422
0,7,0.3419,0.5,12,146,146,5,147,NA,2006.47826086957,NA,1.58970546146422
0,7,0.3419,0.5,12,146,146,6,147,NA,2006.47826086957,NA,1.58970546146422
-0.5,7.5,0.3464,0.5,12,146,146,1,147,NA,2006.47826086957,NA,1.67551716623900
-0.5,7.5,0.3464,0.5,12,146,146,2,147,NA,2006.47826086957,NA,1.67551716623900
-0.5,7.5,0.3464,0.5,12,146,146,3,147,NA,2006.47826086957,NA,1.67551716623900
-0.5,7.5,0.3464,0.5,12,146,146,4,147,150,2006.47826086957,2006.60869565217,1.67551716623900
-0.5,7.5,0.3464,0.5,12,146,146,5,147,150,2006.47826086957,2006.60869565217,1.67551716623900
-0.5,7.5,0.3464,0.5,12,146,146,6,147,150,2006.47826086957,2006.60869565217,1.67551716623900
-0.4,7.5,0.396,0.5,12,146,146,1,147,NA,2006.47826086957,NA,1.30160589006008
-0.4,7.5,0.396,0.5,12,146,146,2,147,NA,2006.47826086957,NA,1.30160589006008
-0.4,7.5,0.396,0.5,12,146,146,3,147,NA,2006.47826086957,NA,1.30160589006008
-0.4,7.5,0.396,0.5,12,146,146,4,147,NA,2006.47826086957,NA,1.30160589006008
-0.4,7.5,0.396,0.5,12,146,146,5,147,151,2006.47826086957,2006.65217391304,1.30160589006008
-0.4,7.5,0.396,0.5,12,146,146,6,147,151,2006.47826086957,2006.65217391304,1.30160589006008
-0.3,7.5,0.4189,0.5,12,146,146,1,147,NA,2006.47826086957,NA,1.63928456287976
-0.3,7.5,0.4189,0.5,12,146,146,2,147,NA,2006.47826086957,NA,1.63928456287976
-0.3,7.5,0.4189,0.5,12,146,146,3,147,NA,2006.47826086957,NA,1.63928456287976
-0.3,7.5,0.4189,0.5,12,146,146,4,147,NA,2006.47826086957,NA,1.63928456287976
-0.3,7.5,0.4189,0.5,12,146,146,5,147,NA,2006.47826086957,NA,1.63928456287976
-0.3,7.5,0.4189,0.5,12,146,146,6,147,NA,2006.47826086957,NA,1.63928456287976
-0.2,7.5,0.4156,0.5,12,146,146,1,147,NA,2006.47826086957,NA,1.77606747746501
-0.2,7.5,0.4156,0.5,12,146,146,2,147,NA,2006.47826086957,NA,1.77606747746501
-0.2,7.5,0.4156,0.5,12,146,146,3,147,NA,2006.47826086957,NA,1.77606747746501
-0.2,7.5,0.4156,0.5,12,146,146,4,147,NA,2006.47826086957,NA,1.77606747746501
-0.2,7.5,0.4156,0.5,12,146,146,5,147,NA,2006.47826086957,NA,1.77606747746501
-0.2,7.5,0.4156,0.5,12,146,146,6,147,152,2006.47826086957,2006.69565217391,1.77606747746501
-0.1,7.5,0.373,0.5,12,146,146,1,147,NA,2006.47826086957,NA,1.63279094142413
-0.1,7.5,0.373,0.5,12,146,146,2,147,NA,2006.47826086957,NA,1.63279094142413
-0.1,7.5,0.373,0.5,12,146,146,3,147,NA,2006.47826086957,NA,1.63279094142413
-0.1,7.5,0.373,0.5,12,146,146,4,147,NA,2006.47826086957,NA,1.63279094142413
-0.1,7.5,0.373,0.5,12,146,146,5,147,NA,2006.47826086957,NA,1.63279094142413
-0.1,7.5,0.373,0.5,12,146,146,6,147,NA,2006.47826086957,NA,1.63279094142413
0,7.5,0.4334,0.5,12,146,146,1,147,NA,2006.47826086957,NA,1.35492744889963
0,7.5,0.4334,0.5,12,146,146,2,147,NA,2006.47826086957,NA,1.35492744889963
0,7.5,0.4334,0.5,12,146,146,3,147,NA,2006.47826086957,NA,1.35492744889963
0,7.5,0.4334,0.5,12,146,146,4,147,NA,2006.47826086957,NA,1.35492744889963
0,7.5,0.4334,0.5,12,146,146,5,147,NA,2006.47826086957,NA,1.35492744889963
0,7.5,0.4334,0.5,12,146,146,6,147,NA,2006.47826086957,NA,1.35492744889963
-0.5,8,0.3989,0.5,12,146,146,1,147,NA,2006.47826086957,NA,1.45422309353230
-0.5,8,0.3989,0.5,12,146,146,2,147,NA,2006.47826086957,NA,1.45422309353230
-0.5,8,0.3989,0.5,12,146,146,3,147,NA,2006.47826086957,NA,1.45422309353230
-0.5,8,0.3989,0.5,12,146,146,4,147,NA,2006.47826086957,NA,1.45422309353230
-0.5,8,0.3989,0.5,12,146,146,5,147,151,2006.47826086957,2006.65217391304,1.45422309353230
-0.5,8,0.3989,0.5,12,146,146,6,147,151,2006.47826086957,2006.65217391304,1.45422309353230
-0.4,8,0.3854,0.5,12,146,146,1,147,NA,2006.47826086957,NA,1.39448388557011
-0.4,8,0.3854,0.5,12,146,146,2,147,NA,2006.47826086957,NA,1.39448388557011
-0.4,8,0.3854,0.5,12,146,146,3,147,NA,2006.47826086957,NA,1.39448388557011
-0.4,8,0.3854,0.5,12,146,146,4,147,NA,2006.47826086957,NA,1.39448388557011
-0.4,8,0.3854,0.5,12,146,146,5,147,151,2006.47826086957,2006.65217391304,1.39448388557011
-0.4,8,0.3854,0.5,12,146,146,6,147,151,2006.47826086957,2006.65217391304,1.39448388557011
-0.3,8,0.4281,0.5,12,146,146,1,147,NA,2006.47826086957,NA,1.68134786382425
-0.3,8,0.4281,0.5,12,146,146,2,147,NA,2006.47826086957,NA,1.68134786382425
-0.3,8,0.4281,0.5,12,146,146,3,147,NA,2006.47826086957,NA,1.68134786382425
-0.3,8,0.4281,0.5,12,146,146,4,147,NA,2006.47826086957,NA,1.68134786382425
-0.3,8,0.4281,0.5,12,146,146,5,147,NA,2006.47826086957,NA,1.68134786382425
-0.3,8,0.4281,0.5,12,146,146,6,147,152,2006.47826086957,2006.69565217391,1.68134786382425
-0.2,8,0.4271,0.5,12,146,146,1,147,NA,2006.47826086957,NA,1.21836884471506
-0.2,8,0.4271,0.5,12,146,146,2,147,NA,2006.47826086957,NA,1.21836884471506
-0.2,8,0.4271,0.5,12,146,146,3,147,NA,2006.47826086957,NA,1.21836884471506
-0.2,8,0.4271,0.5,12,146,146,4,147,NA,2006.47826086957,NA,1.21836884471506
-0.2,8,0.4271,0.5,12,146,146,5,147,NA,2006.47826086957,NA,1.21836884471506
-0.2,8,0.4271,0.5,12,146,146,6,147,NA,2006.47826086957,NA,1.21836884471506
-0.1,8,0.4135,0.5,12,146,146,1,147,NA,2006.47826086957,NA,1.2083312442982
-0.1,8,0.4135,0.5,12,146,146,2,147,NA,2006.47826086957,NA,1.2083312442982
-0.1,8,0.4135,0.5,12,146,146,3,147,NA,2006.47826086957,NA,1.2083312442982
-0.1,8,0.4135,0.5,12,146,146,4,147,NA,2006.47826086957,NA,1.2083312442982
-0.1,8,0.4135,0.5,12,146,146,5,147,NA,2006.47826086957,NA,1.2083312442982
-0.1,8,0.4135,0.5,12,146,146,6,147,NA,2006.47826086957,NA,1.2083312442982
0,8,0.4389,0.5,12,146,146,1,147,NA,2006.47826086957,NA,1.06004853511306
0,8,0.4389,0.5,12,146,146,2,147,NA,2006.47826086957,NA,1.06004853511306
0,8,0.4389,0.5,12,146,146,3,147,NA,2006.47826086957,NA,1.06004853511306
0,8,0.4389,0.5,12,146,146,4,147,NA,2006.47826086957,NA,1.06004853511306
0,8,0.4389,0.5,12,146,146,5,147,NA,2006.47826086957,NA,1.06004853511306
0,8,0.4389,0.5,12,146,146,6,147,NA,2006.47826086957,NA,1.06004853511306
